6.245850063813914721e-01,7.986984860672012854e-01,3.421743736347257481e-02,3.068035975578021460e-04,3.730243583612300796e-04,6.026581376089618525e-05
6.245850063813914721e-01,7.986984860672012854e-01,3.421743736347257481e-02,3.068035975578021460e-04,3.730243583612300796e-04,6.026581376089618525e-05
6.245850063813914721e-01,7.986984860672012854e-01,3.421743736347257481e-02,3.068035975578021460e-04,3.730243583612300796e-04,6.026581376089618525e-05
6.245850063813914721e-01,7.986984860672012854e-01,3.421743736347257481e-02,3.068035975578021460e-04,3.730243583612300796e-04,6.026581376089618525e-05
6.245850063813914721e-01,7.986984860672012854e-01,3.421743736347257481e-02,3.068035975578021460e-04,3.730243583612300796e-04,6.026581376089618525e-05
6.245850063813914721e-01,7.986984860672012854e-01,3.421743736347257481e-02,3.068035975578021460e-04,3.730243583612300796e-04,6.026581376089618525e-05
6.245850063813914721e-01,7.986984860672012854e-01,3.421743736347257481e-02,3.068035975578021460e-04,3.730243583612300796e-04,6.026581376089618525e-05
6.245850063813914721e-01,7.986984860672012854e-01,3.421743736347257481e-02,3.068035975578021460e-04,3.730243583612300796e-04,6.026581376089618525e-05
6.245850063813914721e-01,7.986984860672012854e-01,3.421743736347257481e-02,3.068035975578021460e-04,3.730243583612300796e-04,6.026581376089618525e-05
6.245850063813914721e-01,7.986984860672012854e-01,3.421743736347257481e-02,3.068035975578021460e-04,3.730243583612300796e-04,6.026581376089618525e-05
6.245850063813914721e-01,7.986984860672012854e-01,3.421743736347257481e-02,3.068035975578021460e-04,3.730243583612300796e-04,6.026581376089618525e-05
6.245850063813914721e-01,7.986984860672012854e-01,3.421743736347257481e-02,3.068035975578021460e-04,3.730243583612300796e-04,6.026581376089618525e-05
6.245850063813914721e-01,7.986984860672012854e-01,3.421743736347257481e-02,3.068035975578021460e-04,3.730243583612300796e-04,6.026581376089618525e-05
6.245850063813914721e-01,7.986984860672012854e-01,3.421743736347257481e-02,3.068035975578021460e-04,3.730243583612300796e-04,6.026581376089618525e-05
6.245850063813914721e-01,7.986984860672012854e-01,3.421743736347257481e-02,3.068035975578021460e-04,3.730243583612300796e-04,6.026581376089618525e-05
6.183528152727995053e-01,8.002365421658392819e-01,3.429878081660687333e-02,3.029603496038625284e-04,3.729172615058010164e-04,6.001921412635703560e-05
6.183528152727995053e-01,8.002365421658392819e-01,3.429878081660687333e-02,3.029603496038625284e-04,3.729172615058010164e-04,6.001921412635703560e-05
6.183528152727995053e-01,8.002365421658392819e-01,3.429878081660687333e-02,3.029603496038625284e-04,3.729172615058010164e-04,6.001921412635703560e-05
6.183528152727995053e-01,8.002365421658392819e-01,3.429878081660687333e-02,3.029603496038625284e-04,3.729172615058010164e-04,6.001921412635703560e-05
6.183528152727995053e-01,8.002365421658392819e-01,3.429878081660687333e-02,3.029603496038625284e-04,3.729172615058010164e-04,6.001921412635703560e-05
6.183528152727995053e-01,8.002365421658392819e-01,3.429878081660687333e-02,3.029603496038625284e-04,3.729172615058010164e-04,6.001921412635703560e-05
6.183528152727995053e-01,8.002365421658392819e-01,3.429878081660687333e-02,3.029603496038625284e-04,3.729172615058010164e-04,6.001921412635703560e-05
6.183528152727995053e-01,8.002365421658392819e-01,3.429878081660687333e-02,3.029603496038625284e-04,3.729172615058010164e-04,6.001921412635703560e-05
6.183528152727995053e-01,8.002365421658392819e-01,3.429878081660687333e-02,3.029603496038625284e-04,3.729172615058010164e-04,6.001921412635703560e-05
6.183528152727995053e-01,8.002365421658392819e-01,3.429878081660687333e-02,3.029603496038625284e-04,3.729172615058010164e-04,6.001921412635703560e-05
6.183528152727995053e-01,8.002365421658392819e-01,3.429878081660687333e-02,3.029603496038625284e-04,3.729172615058010164e-04,6.001921412635703560e-05
6.183528152727995053e-01,8.002365421658392819e-01,3.429878081660687333e-02,3.029603496038625284e-04,3.729172615058010164e-04,6.001921412635703560e-05
6.183528152727995053e-01,8.002365421658392819e-01,3.429878081660687333e-02,3.029603496038625284e-04,3.729172615058010164e-04,6.001921412635703560e-05
6.183528152727995053e-01,8.002365421658392819e-01,3.429878081660687333e-02,3.029603496038625284e-04,3.729172615058010164e-04,6.001921412635703560e-05
6.183528152727995053e-01,8.002365421658392819e-01,3.429878081660687333e-02,3.029603496038625284e-04,3.729172615058010164e-04,6.001921412635703560e-05
6.124898299000076651e-01,8.014355469810146015e-01,3.435710768155023076e-02,3.011935258807759384e-04,3.740797370113485782e-04,5.998148778681674419e-05
6.124898299000076651e-01,8.014355469810146015e-01,3.435710768155023076e-02,3.011935258807759384e-04,3.740797370113485782e-04,5.998148778681674419e-05
6.124898299000076651e-01,8.014355469810146015e-01,3.435710768155023076e-02,3.011935258807759384e-04,3.740797370113485782e-04,5.998148778681674419e-05
6.124898299000076651e-01,8.014355469810146015e-01,3.435710768155023076e-02,3.011935258807759384e-04,3.740797370113485782e-04,5.998148778681674419e-05
6.124898299000076651e-01,8.014355469810146015e-01,3.435710768155023076e-02,3.011935258807759384e-04,3.740797370113485782e-04,5.998148778681674419e-05
6.124898299000076651e-01,8.014355469810146015e-01,3.435710768155023076e-02,3.011935258807759384e-04,3.740797370113485782e-04,5.998148778681674419e-05
6.124898299000076651e-01,8.014355469810146015e-01,3.435710768155023076e-02,3.011935258807759384e-04,3.740797370113485782e-04,5.998148778681674419e-05
6.124898299000076651e-01,8.014355469810146015e-01,3.435710768155023076e-02,3.011935258807759384e-04,3.740797370113485782e-04,5.998148778681674419e-05
6.124898299000076651e-01,8.014355469810146015e-01,3.435710768155023076e-02,3.011935258807759384e-04,3.740797370113485782e-04,5.998148778681674419e-05
6.124898299000076651e-01,8.014355469810146015e-01,3.435710768155023076e-02,3.011935258807759384e-04,3.740797370113485782e-04,5.998148778681674419e-05
6.124898299000076651e-01,8.014355469810146015e-01,3.435710768155023076e-02,3.011935258807759384e-04,3.740797370113485782e-04,5.998148778681674419e-05
6.124898299000076651e-01,8.014355469810146015e-01,3.435710768155023076e-02,3.011935258807759384e-04,3.740797370113485782e-04,5.998148778681674419e-05
6.124898299000076651e-01,8.014355469810146015e-01,3.435710768155023076e-02,3.011935258807759384e-04,3.740797370113485782e-04,5.998148778681674419e-05
6.124898299000076651e-01,8.014355469810146015e-01,3.435710768155023076e-02,3.011935258807759384e-04,3.740797370113485782e-04,5.998148778681674419e-05
6.124898299000076651e-01,8.014355469810146015e-01,3.435710768155023076e-02,3.011935258807759384e-04,3.740797370113485782e-04,5.998148778681674419e-05
6.069278239843315381e-01,8.023512771619171202e-01,3.439564533877284558e-02,3.014899312517144137e-04,3.764659644421620727e-04,6.014895070472350369e-05
6.069278239843315381e-01,8.023512771619171202e-01,3.439564533877284558e-02,3.014899312517144137e-04,3.764659644421620727e-04,6.014895070472350369e-05
6.069278239843315381e-01,8.023512771619171202e-01,3.439564533877284558e-02,3.014899312517144137e-04,3.764659644421620727e-04,6.014895070472350369e-05
6.069278239843315381e-01,8.023512771619171202e-01,3.439564533877284558e-02,3.014899312517144137e-04,3.764659644421620727e-04,6.014895070472350369e-05
6.069278239843315381e-01,8.023512771619171202e-01,3.439564533877284558e-02,3.014899312517144137e-04,3.764659644421620727e-04,6.014895070472350369e-05
6.069278239843315381e-01,8.023512771619171202e-01,3.439564533877284558e-02,3.014899312517144137e-04,3.764659644421620727e-04,6.014895070472350369e-05
6.069278239843315381e-01,8.023512771619171202e-01,3.439564533877284558e-02,3.014899312517144137e-04,3.764659644421620727e-04,6.014895070472350369e-05
6.069278239843315381e-01,8.023512771619171202e-01,3.439564533877284558e-02,3.014899312517144137e-04,3.764659644421620727e-04,6.014895070472350369e-05
6.069278239843315381e-01,8.023512771619171202e-01,3.439564533877284558e-02,3.014899312517144137e-04,3.764659644421620727e-04,6.014895070472350369e-05
6.069278239843315381e-01,8.023512771619171202e-01,3.439564533877284558e-02,3.014899312517144137e-04,3.764659644421620727e-04,6.014895070472350369e-05
6.069278239843315381e-01,8.023512771619171202e-01,3.439564533877284558e-02,3.014899312517144137e-04,3.764659644421620727e-04,6.014895070472350369e-05
6.069278239843315381e-01,8.023512771619171202e-01,3.439564533877284558e-02,3.014899312517144137e-04,3.764659644421620727e-04,6.014895070472350369e-05
6.069278239843315381e-01,8.023512771619171202e-01,3.439564533877284558e-02,3.014899312517144137e-04,3.764659644421620727e-04,6.014895070472350369e-05
6.069278239843315381e-01,8.023512771619171202e-01,3.439564533877284558e-02,3.014899312517144137e-04,3.764659644421620727e-04,6.014895070472350369e-05
6.069278239843315381e-01,8.023512771619171202e-01,3.439564533877284558e-02,3.014899312517144137e-04,3.764659644421620727e-04,6.014895070472350369e-05
6.016256562474660008e-01,8.030143467728481088e-01,3.441585105065208400e-02,3.040326780887252851e-04,3.801563403798952057e-04,6.053805238380837985e-05
6.016256562474660008e-01,8.030143467728481088e-01,3.441585105065208400e-02,3.040326780887252851e-04,3.801563403798952057e-04,6.053805238380837985e-05
6.016256562474660008e-01,8.030143467728481088e-01,3.441585105065208400e-02,3.040326780887252851e-04,3.801563403798952057e-04,6.053805238380837985e-05
6.016256562474660008e-01,8.030143467728481088e-01,3.441585105065208400e-02,3.040326780887252851e-04,3.801563403798952057e-04,6.053805238380837985e-05
6.016256562474660008e-01,8.030143467728481088e-01,3.441585105065208400e-02,3.040326780887252851e-04,3.801563403798952057e-04,6.053805238380837985e-05
6.016256562474660008e-01,8.030143467728481088e-01,3.441585105065208400e-02,3.040326780887252851e-04,3.801563403798952057e-04,6.053805238380837985e-05
6.016256562474660008e-01,8.030143467728481088e-01,3.441585105065208400e-02,3.040326780887252851e-04,3.801563403798952057e-04,6.053805238380837985e-05
6.016256562474660008e-01,8.030143467728481088e-01,3.441585105065208400e-02,3.040326780887252851e-04,3.801563403798952057e-04,6.053805238380837985e-05
6.016256562474660008e-01,8.030143467728481088e-01,3.441585105065208400e-02,3.040326780887252851e-04,3.801563403798952057e-04,6.053805238380837985e-05
6.016256562474660008e-01,8.030143467728481088e-01,3.441585105065208400e-02,3.040326780887252851e-04,3.801563403798952057e-04,6.053805238380837985e-05
6.016256562474660008e-01,8.030143467728481088e-01,3.441585105065208400e-02,3.040326780887252851e-04,3.801563403798952057e-04,6.053805238380837985e-05
6.016256562474660008e-01,8.030143467728481088e-01,3.441585105065208400e-02,3.040326780887252851e-04,3.801563403798952057e-04,6.053805238380837985e-05
6.016256562474660008e-01,8.030143467728481088e-01,3.441585105065208400e-02,3.040326780887252851e-04,3.801563403798952057e-04,6.053805238380837985e-05
6.016256562474660008e-01,8.030143467728481088e-01,3.441585105065208400e-02,3.040326780887252851e-04,3.801563403798952057e-04,6.053805238380837985e-05
6.016256562474660008e-01,8.030143467728481088e-01,3.441585105065208400e-02,3.040326780887252851e-04,3.801563403798952057e-04,6.053805238380837985e-05
5.965621992458800538e-01,8.034355776951130901e-01,3.441766397207868949e-02,3.092306415342510346e-04,3.853690757194506099e-04,6.118793856832818213e-05
5.965621992458800538e-01,8.034355776951130901e-01,3.441766397207868949e-02,3.092306415342510346e-04,3.853690757194506099e-04,6.118793856832818213e-05
5.965621992458800538e-01,8.034355776951130901e-01,3.441766397207868949e-02,3.092306415342510346e-04,3.853690757194506099e-04,6.118793856832818213e-05
5.965621992458800538e-01,8.034355776951130901e-01,3.441766397207868949e-02,3.092306415342510346e-04,3.853690757194506099e-04,6.118793856832818213e-05
5.965621992458800538e-01,8.034355776951130901e-01,3.441766397207868949e-02,3.092306415342510346e-04,3.853690757194506099e-04,6.118793856832818213e-05
5.965621992458800538e-01,8.034355776951130901e-01,3.441766397207868949e-02,3.092306415342510346e-04,3.853690757194506099e-04,6.118793856832818213e-05
5.965621992458800538e-01,8.034355776951130901e-01,3.441766397207868949e-02,3.092306415342510346e-04,3.853690757194506099e-04,6.118793856832818213e-05
5.965621992458800538e-01,8.034355776951130901e-01,3.441766397207868949e-02,3.092306415342510346e-04,3.853690757194506099e-04,6.118793856832818213e-05
5.965621992458800538e-01,8.034355776951130901e-01,3.441766397207868949e-02,3.092306415342510346e-04,3.853690757194506099e-04,6.118793856832818213e-05
5.965621992458800538e-01,8.034355776951130901e-01,3.441766397207868949e-02,3.092306415342510346e-04,3.853690757194506099e-04,6.118793856832818213e-05
5.965621992458800538e-01,8.034355776951130901e-01,3.441766397207868949e-02,3.092306415342510346e-04,3.853690757194506099e-04,6.118793856832818213e-05
5.965621992458800538e-01,8.034355776951130901e-01,3.441766397207868949e-02,3.092306415342510346e-04,3.853690757194506099e-04,6.118793856832818213e-05
5.965621992458800538e-01,8.034355776951130901e-01,3.441766397207868949e-02,3.092306415342510346e-04,3.853690757194506099e-04,6.118793856832818213e-05
5.965621992458800538e-01,8.034355776951130901e-01,3.441766397207868949e-02,3.092306415342510346e-04,3.853690757194506099e-04,6.118793856832818213e-05
5.965621992458800538e-01,8.034355776951130901e-01,3.441766397207868949e-02,3.092306415342510346e-04,3.853690757194506099e-04,6.118793856832818213e-05
5.917314889601792416e-01,8.036086168209004565e-01,3.439955235640069359e-02,3.177825999186729132e-04,3.924950637464839779e-04,6.216663183232384762e-05
5.917314889601792416e-01,8.036086168209004565e-01,3.439955235640069359e-02,3.177825999186729132e-04,3.924950637464839779e-04,6.216663183232384762e-05
5.917314889601792416e-01,8.036086168209004565e-01,3.439955235640069359e-02,3.177825999186729132e-04,3.924950637464839779e-04,6.216663183232384762e-05
5.917314889601792416e-01,8.036086168209004565e-01,3.439955235640069359e-02,3.177825999186729132e-04,3.924950637464839779e-04,6.216663183232384762e-05
5.917314889601792416e-01,8.036086168209004565e-01,3.439955235640069359e-02,3.177825999186729132e-04,3.924950637464839779e-04,6.216663183232384762e-05
5.917314889601792416e-01,8.036086168209004565e-01,3.439955235640069359e-02,3.177825999186729132e-04,3.924950637464839779e-04,6.216663183232384762e-05
5.917314889601792416e-01,8.036086168209004565e-01,3.439955235640069359e-02,3.177825999186729132e-04,3.924950637464839779e-04,6.216663183232384762e-05
5.917314889601792416e-01,8.036086168209004565e-01,3.439955235640069359e-02,3.177825999186729132e-04,3.924950637464839779e-04,6.216663183232384762e-05
5.917314889601792416e-01,8.036086168209004565e-01,3.439955235640069359e-02,3.177825999186729132e-04,3.924950637464839779e-04,6.216663183232384762e-05
5.917314889601792416e-01,8.036086168209004565e-01,3.439955235640069359e-02,3.177825999186729132e-04,3.924950637464839779e-04,6.216663183232384762e-05
5.917314889601792416e-01,8.036086168209004565e-01,3.439955235640069359e-02,3.177825999186729132e-04,3.924950637464839779e-04,6.216663183232384762e-05
5.917314889601792416e-01,8.036086168209004565e-01,3.439955235640069359e-02,3.177825999186729132e-04,3.924950637464839779e-04,6.216663183232384762e-05
5.917314889601792416e-01,8.036086168209004565e-01,3.439955235640069359e-02,3.177825999186729132e-04,3.924950637464839779e-04,6.216663183232384762e-05
5.917314889601792416e-01,8.036086168209004565e-01,3.439955235640069359e-02,3.177825999186729132e-04,3.924950637464839779e-04,6.216663183232384762e-05
5.917314889601792416e-01,8.036086168209004565e-01,3.439955235640069359e-02,3.177825999186729132e-04,3.924950637464839779e-04,6.216663183232384762e-05
5.871386522135670916e-01,8.035106753497429644e-01,3.435838710681810709e-02,3.307878664820564909e-04,4.021624443588043803e-04,6.358196815797924209e-05
5.871386522135670916e-01,8.035106753497429644e-01,3.435838710681810709e-02,3.307878664820564909e-04,4.021624443588043803e-04,6.358196815797924209e-05
5.871386522135670916e-01,8.035106753497429644e-01,3.435838710681810709e-02,3.307878664820564909e-04,4.021624443588043803e-04,6.358196815797924209e-05
5.871386522135670916e-01,8.035106753497429644e-01,3.435838710681810709e-02,3.307878664820564909e-04,4.021624443588043803e-04,6.358196815797924209e-05
5.871386522135670916e-01,8.035106753497429644e-01,3.435838710681810709e-02,3.307878664820564909e-04,4.021624443588043803e-04,6.358196815797924209e-05
5.871386522135670916e-01,8.035106753497429644e-01,3.435838710681810709e-02,3.307878664820564909e-04,4.021624443588043803e-04,6.358196815797924209e-05
5.871386522135670916e-01,8.035106753497429644e-01,3.435838710681810709e-02,3.307878664820564909e-04,4.021624443588043803e-04,6.358196815797924209e-05
5.871386522135670916e-01,8.035106753497429644e-01,3.435838710681810709e-02,3.307878664820564909e-04,4.021624443588043803e-04,6.358196815797924209e-05
5.871386522135670916e-01,8.035106753497429644e-01,3.435838710681810709e-02,3.307878664820564909e-04,4.021624443588043803e-04,6.358196815797924209e-05
5.871386522135670916e-01,8.035106753497429644e-01,3.435838710681810709e-02,3.307878664820564909e-04,4.021624443588043803e-04,6.358196815797924209e-05
5.871386522135670916e-01,8.035106753497429644e-01,3.435838710681810709e-02,3.307878664820564909e-04,4.021624443588043803e-04,6.358196815797924209e-05
5.871386522135670916e-01,8.035106753497429644e-01,3.435838710681810709e-02,3.307878664820564909e-04,4.021624443588043803e-04,6.358196815797924209e-05
5.871386522135670916e-01,8.035106753497429644e-01,3.435838710681810709e-02,3.307878664820564909e-04,4.021624443588043803e-04,6.358196815797924209e-05
5.871386522135670916e-01,8.035106753497429644e-01,3.435838710681810709e-02,3.307878664820564909e-04,4.021624443588043803e-04,6.358196815797924209e-05
5.871386522135670916e-01,8.035106753497429644e-01,3.435838710681810709e-02,3.307878664820564909e-04,4.021624443588043803e-04,6.358196815797924209e-05
5.827948609058631879e-01,8.031021729630526407e-01,3.428916266336481250e-02,3.498632190728216858e-04,4.154014078705719820e-04,6.559918410388065251e-05
5.827948609058631879e-01,8.031021729630526407e-01,3.428916266336481250e-02,3.498632190728216858e-04,4.154014078705719820e-04,6.559918410388065251e-05
5.827948609058631879e-01,8.031021729630526407e-01,3.428916266336481250e-02,3.498632190728216858e-04,4.154014078705719820e-04,6.559918410388065251e-05
5.827948609058631879e-01,8.031021729630526407e-01,3.428916266336481250e-02,3.498632190728216858e-04,4.154014078705719820e-04,6.559918410388065251e-05
5.827948609058631879e-01,8.031021729630526407e-01,3.428916266336481250e-02,3.498632190728216858e-04,4.154014078705719820e-04,6.559918410388065251e-05
5.827948609058631879e-01,8.031021729630526407e-01,3.428916266336481250e-02,3.498632190728216858e-04,4.154014078705719820e-04,6.559918410388065251e-05
5.827948609058631879e-01,8.031021729630526407e-01,3.428916266336481250e-02,3.498632190728216858e-04,4.154014078705719820e-04,6.559918410388065251e-05
5.827948609058631879e-01,8.031021729630526407e-01,3.428916266336481250e-02,3.498632190728216858e-04,4.154014078705719820e-04,6.559918410388065251e-05
5.827948609058631879e-01,8.031021729630526407e-01,3.428916266336481250e-02,3.498632190728216858e-04,4.154014078705719820e-04,6.559918410388065251e-05
5.827948609058631879e-01,8.031021729630526407e-01,3.428916266336481250e-02,3.498632190728216858e-04,4.154014078705719820e-04,6.559918410388065251e-05
5.827948609058631879e-01,8.031021729630526407e-01,3.428916266336481250e-02,3.498632190728216858e-04,4.154014078705719820e-04,6.559918410388065251e-05
5.827948609058631879e-01,8.031021729630526407e-01,3.428916266336481250e-02,3.498632190728216858e-04,4.154014078705719820e-04,6.559918410388065251e-05
5.827948609058631879e-01,8.031021729630526407e-01,3.428916266336481250e-02,3.498632190728216858e-04,4.154014078705719820e-04,6.559918410388065251e-05
5.827948609058631879e-01,8.031021729630526407e-01,3.428916266336481250e-02,3.498632190728216858e-04,4.154014078705719820e-04,6.559918410388065251e-05
5.827948609058631879e-01,8.031021729630526407e-01,3.428916266336481250e-02,3.498632190728216858e-04,4.154014078705719820e-04,6.559918410388065251e-05
5.787085596015097977e-01,8.023264494823456605e-01,3.418460620245639126e-02,3.777041948364145540e-04,4.335134469645183565e-04,6.846779360930062416e-05
5.787085596015097977e-01,8.023264494823456605e-01,3.418460620245639126e-02,3.777041948364145540e-04,4.335134469645183565e-04,6.846779360930062416e-05
5.787085596015097977e-01,8.023264494823456605e-01,3.418460620245639126e-02,3.777041948364145540e-04,4.335134469645183565e-04,6.846779360930062416e-05
5.787085596015097977e-01,8.023264494823456605e-01,3.418460620245639126e-02,3.777041948364145540e-04,4.335134469645183565e-04,6.846779360930062416e-05
5.787085596015097977e-01,8.023264494823456605e-01,3.418460620245639126e-02,3.777041948364145540e-04,4.335134469645183565e-04,6.846779360930062416e-05
5.787085596015097977e-01,8.023264494823456605e-01,3.418460620245639126e-02,3.777041948364145540e-04,4.335134469645183565e-04,6.846779360930062416e-05
5.787085596015097977e-01,8.023264494823456605e-01,3.418460620245639126e-02,3.777041948364145540e-04,4.335134469645183565e-04,6.846779360930062416e-05
5.787085596015097977e-01,8.023264494823456605e-01,3.418460620245639126e-02,3.777041948364145540e-04,4.335134469645183565e-04,6.846779360930062416e-05
5.787085596015097977e-01,8.023264494823456605e-01,3.418460620245639126e-02,3.777041948364145540e-04,4.335134469645183565e-04,6.846779360930062416e-05
5.787085596015097977e-01,8.023264494823456605e-01,3.418460620245639126e-02,3.777041948364145540e-04,4.335134469645183565e-04,6.846779360930062416e-05
5.787085596015097977e-01,8.023264494823456605e-01,3.418460620245639126e-02,3.777041948364145540e-04,4.335134469645183565e-04,6.846779360930062416e-05
5.787085596015097977e-01,8.023264494823456605e-01,3.418460620245639126e-02,3.777041948364145540e-04,4.335134469645183565e-04,6.846779360930062416e-05
5.787085596015097977e-01,8.023264494823456605e-01,3.418460620245639126e-02,3.777041948364145540e-04,4.335134469645183565e-04,6.846779360930062416e-05
5.787085596015097977e-01,8.023264494823456605e-01,3.418460620245639126e-02,3.777041948364145540e-04,4.335134469645183565e-04,6.846779360930062416e-05
5.787085596015097977e-01,8.023264494823456605e-01,3.418460620245639126e-02,3.777041948364145540e-04,4.335134469645183565e-04,6.846779360930062416e-05
5.748681498301801973e-01,8.011118950070393874e-01,3.403479900669792446e-02,4.178806750854514385e-04,4.588998952885630376e-04,7.256054880046647977e-05
5.748681498301801973e-01,8.011118950070393874e-01,3.403479900669792446e-02,4.178806750854514385e-04,4.588998952885630376e-04,7.256054880046647977e-05
5.748681498301801973e-01,8.011118950070393874e-01,3.403479900669792446e-02,4.178806750854514385e-04,4.588998952885630376e-04,7.256054880046647977e-05
5.748681498301801973e-01,8.011118950070393874e-01,3.403479900669792446e-02,4.178806750854514385e-04,4.588998952885630376e-04,7.256054880046647977e-05
5.748681498301801973e-01,8.011118950070393874e-01,3.403479900669792446e-02,4.178806750854514385e-04,4.588998952885630376e-04,7.256054880046647977e-05
5.748681498301801973e-01,8.011118950070393874e-01,3.403479900669792446e-02,4.178806750854514385e-04,4.588998952885630376e-04,7.256054880046647977e-05
5.748681498301801973e-01,8.011118950070393874e-01,3.403479900669792446e-02,4.178806750854514385e-04,4.588998952885630376e-04,7.256054880046647977e-05
5.748681498301801973e-01,8.011118950070393874e-01,3.403479900669792446e-02,4.178806750854514385e-04,4.588998952885630376e-04,7.256054880046647977e-05
5.748681498301801973e-01,8.011118950070393874e-01,3.403479900669792446e-02,4.178806750854514385e-04,4.588998952885630376e-04,7.256054880046647977e-05
5.748681498301801973e-01,8.011118950070393874e-01,3.403479900669792446e-02,4.178806750854514385e-04,4.588998952885630376e-04,7.256054880046647977e-05
5.748681498301801973e-01,8.011118950070393874e-01,3.403479900669792446e-02,4.178806750854514385e-04,4.588998952885630376e-04,7.256054880046647977e-05
5.748681498301801973e-01,8.011118950070393874e-01,3.403479900669792446e-02,4.178806750854514385e-04,4.588998952885630376e-04,7.256054880046647977e-05
5.748681498301801973e-01,8.011118950070393874e-01,3.403479900669792446e-02,4.178806750854514385e-04,4.588998952885630376e-04,7.256054880046647977e-05
5.748681498301801973e-01,8.011118950070393874e-01,3.403479900669792446e-02,4.178806750854514385e-04,4.588998952885630376e-04,7.256054880046647977e-05
5.748681498301801973e-01,8.011118950070393874e-01,3.403479900669792446e-02,4.178806750854514385e-04,4.588998952885630376e-04,7.256054880046647977e-05
5.712078184129122382e-01,7.993814803306318328e-01,3.382714933711001432e-02,4.759372180230204345e-04,4.947881015553702534e-04,7.842503454503467486e-05
5.712078184129122382e-01,7.993814803306318328e-01,3.382714933711001432e-02,4.759372180230204345e-04,4.947881015553702534e-04,7.842503454503467486e-05
5.712078184129122382e-01,7.993814803306318328e-01,3.382714933711001432e-02,4.759372180230204345e-04,4.947881015553702534e-04,7.842503454503467486e-05
5.712078184129122382e-01,7.993814803306318328e-01,3.382714933711001432e-02,4.759372180230204345e-04,4.947881015553702534e-04,7.842503454503467486e-05
5.712078184129122382e-01,7.993814803306318328e-01,3.382714933711001432e-02,4.759372180230204345e-04,4.947881015553702534e-04,7.842503454503467486e-05
5.712078184129122382e-01,7.993814803306318328e-01,3.382714933711001432e-02,4.759372180230204345e-04,4.947881015553702534e-04,7.842503454503467486e-05
5.712078184129122382e-01,7.993814803306318328e-01,3.382714933711001432e-02,4.759372180230204345e-04,4.947881015553702534e-04,7.842503454503467486e-05
5.712078184129122382e-01,7.993814803306318328e-01,3.382714933711001432e-02,4.759372180230204345e-04,4.947881015553702534e-04,7.842503454503467486e-05
5.712078184129122382e-01,7.993814803306318328e-01,3.382714933711001432e-02,4.759372180230204345e-04,4.947881015553702534e-04,7.842503454503467486e-05
5.712078184129122382e-01,7.993814803306318328e-01,3.382714933711001432e-02,4.759372180230204345e-04,4.947881015553702534e-04,7.842503454503467486e-05
5.712078184129122382e-01,7.993814803306318328e-01,3.382714933711001432e-02,4.759372180230204345e-04,4.947881015553702534e-04,7.842503454503467486e-05
5.712078184129122382e-01,7.993814803306318328e-01,3.382714933711001432e-02,4.759372180230204345e-04,4.947881015553702534e-04,7.842503454503467486e-05
5.712078184129122382e-01,7.993814803306318328e-01,3.382714933711001432e-02,4.759372180230204345e-04,4.947881015553702534e-04,7.842503454503467486e-05
5.712078184129122382e-01,7.993814803306318328e-01,3.382714933711001432e-02,4.759372180230204345e-04,4.947881015553702534e-04,7.842503454503467486e-05
5.712078184129122382e-01,7.993814803306318328e-01,3.382714933711001432e-02,4.759372180230204345e-04,4.947881015553702534e-04,7.842503454503467486e-05
5.675437309923943019e-01,7.970794752835604902e-01,3.354751918289565482e-02,5.596675409175405971e-04,5.458463797563496353e-04,8.683919112482603485e-05
5.675437309923943019e-01,7.970794752835604902e-01,3.354751918289565482e-02,5.596675409175405971e-04,5.458463797563496353e-04,8.683919112482603485e-05
5.675437309923943019e-01,7.970794752835604902e-01,3.354751918289565482e-02,5.596675409175405971e-04,5.458463797563496353e-04,8.683919112482603485e-05
5.675437309923943019e-01,7.970794752835604902e-01,3.354751918289565482e-02,5.596675409175405971e-04,5.458463797563496353e-04,8.683919112482603485e-05
5.675437309923943019e-01,7.970794752835604902e-01,3.354751918289565482e-02,5.596675409175405971e-04,5.458463797563496353e-04,8.683919112482603485e-05
5.675437309923943019e-01,7.970794752835604902e-01,3.354751918289565482e-02,5.596675409175405971e-04,5.458463797563496353e-04,8.683919112482603485e-05
5.675437309923943019e-01,7.970794752835604902e-01,3.354751918289565482e-02,5.596675409175405971e-04,5.458463797563496353e-04,8.683919112482603485e-05
5.675437309923943019e-01,7.970794752835604902e-01,3.354751918289565482e-02,5.596675409175405971e-04,5.458463797563496353e-04,8.683919112482603485e-05
5.675437309923943019e-01,7.970794752835604902e-01,3.354751918289565482e-02,5.596675409175405971e-04,5.458463797563496353e-04,8.683919112482603485e-05
5.675437309923943019e-01,7.970794752835604902e-01,3.354751918289565482e-02,5.596675409175405971e-04,5.458463797563496353e-04,8.683919112482603485e-05
5.675437309923943019e-01,7.970794752835604902e-01,3.354751918289565482e-02,5.596675409175405971e-04,5.458463797563496353e-04,8.683919112482603485e-05
5.675437309923943019e-01,7.970794752835604902e-01,3.354751918289565482e-02,5.596675409175405971e-04,5.458463797563496353e-04,8.683919112482603485e-05
5.675437309923943019e-01,7.970794752835604902e-01,3.354751918289565482e-02,5.596675409175405971e-04,5.458463797563496353e-04,8.683919112482603485e-05
5.675437309923943019e-01,7.970794752835604902e-01,3.354751918289565482e-02,5.596675409175405971e-04,5.458463797563496353e-04,8.683919112482603485e-05
5.675437309923943019e-01,7.970794752835604902e-01,3.354751918289565482e-02,5.596675409175405971e-04,5.458463797563496353e-04,8.683919112482603485e-05
5.634664549981711623e-01,7.942314696647401195e-01,3.318410251469779138e-02,6.795284035535669636e-04,6.181732670146062453e-04,9.883648026637992896e-05
5.634664549981711623e-01,7.942314696647401195e-01,3.318410251469779138e-02,6.795284035535669636e-04,6.181732670146062453e-04,9.883648026637992896e-05
5.634664549981711623e-01,7.942314696647401195e-01,3.318410251469779138e-02,6.795284035535669636e-04,6.181732670146062453e-04,9.883648026637992896e-05
5.634664549981711623e-01,7.942314696647401195e-01,3.318410251469779138e-02,6.795284035535669636e-04,6.181732670146062453e-04,9.883648026637992896e-05
5.634664549981711623e-01,7.942314696647401195e-01,3.318410251469779138e-02,6.795284035535669636e-04,6.181732670146062453e-04,9.883648026637992896e-05
5.634664549981711623e-01,7.942314696647401195e-01,3.318410251469779138e-02,6.795284035535669636e-04,6.181732670146062453e-04,9.883648026637992896e-05
5.634664549981711623e-01,7.942314696647401195e-01,3.318410251469779138e-02,6.795284035535669636e-04,6.181732670146062453e-04,9.883648026637992896e-05
5.634664549981711623e-01,7.942314696647401195e-01,3.318410251469779138e-02,6.795284035535669636e-04,6.181732670146062453e-04,9.883648026637992896e-05
5.634664549981711623e-01,7.942314696647401195e-01,3.318410251469779138e-02,6.795284035535669636e-04,6.181732670146062453e-04,9.883648026637992896e-05
5.634664549981711623e-01,7.942314696647401195e-01,3.318410251469779138e-02,6.795284035535669636e-04,6.181732670146062453e-04,9.883648026637992896e-05
5.634664549981711623e-01,7.942314696647401195e-01,3.318410251469779138e-02,6.795284035535669636e-04,6.181732670146062453e-04,9.883648026637992896e-05
5.634664549981711623e-01,7.942314696647401195e-01,3.318410251469779138e-02,6.795284035535669636e-04,6.181732670146062453e-04,9.883648026637992896e-05
5.634664549981711623e-01,7.942314696647401195e-01,3.318410251469779138e-02,6.795284035535669636e-04,6.181732670146062453e-04,9.883648026637992896e-05
5.634664549981711623e-01,7.942314696647401195e-01,3.318410251469779138e-02,6.795284035535669636e-04,6.181732670146062453e-04,9.883648026637992896e-05
5.634664549981711623e-01,7.942314696647401195e-01,3.318410251469779138e-02,6.795284035535669636e-04,6.181732670146062453e-04,9.883648026637992896e-05
5.581911090960069988e-01,7.910544295399133397e-01,3.273643757627553441e-02,8.481022790931774889e-04,7.183538503432799734e-04,1.156134338073744414e-04
5.581911090960069988e-01,7.910544295399133397e-01,3.273643757627553441e-02,8.481022790931774889e-04,7.183538503432799734e-04,1.156134338073744414e-04
5.581911090960069988e-01,7.910544295399133397e-01,3.273643757627553441e-02,8.481022790931774889e-04,7.183538503432799734e-04,1.156134338073744414e-04
5.581911090960069988e-01,7.910544295399133397e-01,3.273643757627553441e-02,8.481022790931774889e-04,7.183538503432799734e-04,1.156134338073744414e-04
5.581911090960069988e-01,7.910544295399133397e-01,3.273643757627553441e-02,8.481022790931774889e-04,7.183538503432799734e-04,1.156134338073744414e-04
5.581911090960069988e-01,7.910544295399133397e-01,3.273643757627553441e-02,8.481022790931774889e-04,7.183538503432799734e-04,1.156134338073744414e-04
5.581911090960069988e-01,7.910544295399133397e-01,3.273643757627553441e-02,8.481022790931774889e-04,7.183538503432799734e-04,1.156134338073744414e-04
5.581911090960069988e-01,7.910544295399133397e-01,3.273643757627553441e-02,8.481022790931774889e-04,7.183538503432799734e-04,1.156134338073744414e-04
5.581911090960069988e-01,7.910544295399133397e-01,3.273643757627553441e-02,8.481022790931774889e-04,7.183538503432799734e-04,1.156134338073744414e-04
5.581911090960069988e-01,7.910544295399133397e-01,3.273643757627553441e-02,8.481022790931774889e-04,7.183538503432799734e-04,1.156134338073744414e-04
5.581911090960069988e-01,7.910544295399133397e-01,3.273643757627553441e-02,8.481022790931774889e-04,7.183538503432799734e-04,1.156134338073744414e-04
5.581911090960069988e-01,7.910544295399133397e-01,3.273643757627553441e-02,8.481022790931774889e-04,7.183538503432799734e-04,1.156134338073744414e-04
5.581911090960069988e-01,7.910544295399133397e-01,3.273643757627553441e-02,8.481022790931774889e-04,7.183538503432799734e-04,1.156134338073744414e-04
5.581911090960069988e-01,7.910544295399133397e-01,3.273643757627553441e-02,8.481022790931774889e-04,7.183538503432799734e-04,1.156134338073744414e-04
5.581911090960069988e-01,7.910544295399133397e-01,3.273643757627553441e-02,8.481022790931774889e-04,7.183538503432799734e-04,1.156134338073744414e-04
5.504276196994365433e-01,7.881047710241889659e-01,3.223089440050774801e-02,1.077473752825684403e-03,8.502534514899765146e-04,1.381657221097763147e-04
5.504276196994365433e-01,7.881047710241889659e-01,3.223089440050774801e-02,1.077473752825684403e-03,8.502534514899765146e-04,1.381657221097763147e-04
5.504276196994365433e-01,7.881047710241889659e-01,3.223089440050774801e-02,1.077473752825684403e-03,8.502534514899765146e-04,1.381657221097763147e-04
5.504276196994365433e-01,7.881047710241889659e-01,3.223089440050774801e-02,1.077473752825684403e-03,8.502534514899765146e-04,1.381657221097763147e-04
5.504276196994365433e-01,7.881047710241889659e-01,3.223089440050774801e-02,1.077473752825684403e-03,8.502534514899765146e-04,1.381657221097763147e-04
5.504276196994365433e-01,7.881047710241889659e-01,3.223089440050774801e-02,1.077473752825684403e-03,8.502534514899765146e-04,1.381657221097763147e-04
5.504276196994365433e-01,7.881047710241889659e-01,3.223089440050774801e-02,1.077473752825684403e-03,8.502534514899765146e-04,1.381657221097763147e-04
5.504276196994365433e-01,7.881047710241889659e-01,3.223089440050774801e-02,1.077473752825684403e-03,8.502534514899765146e-04,1.381657221097763147e-04
5.504276196994365433e-01,7.881047710241889659e-01,3.223089440050774801e-02,1.077473752825684403e-03,8.502534514899765146e-04,1.381657221097763147e-04
5.504276196994365433e-01,7.881047710241889659e-01,3.223089440050774801e-02,1.077473752825684403e-03,8.502534514899765146e-04,1.381657221097763147e-04
5.504276196994365433e-01,7.881047710241889659e-01,3.223089440050774801e-02,1.077473752825684403e-03,8.502534514899765146e-04,1.381657221097763147e-04
5.504276196994365433e-01,7.881047710241889659e-01,3.223089440050774801e-02,1.077473752825684403e-03,8.502534514899765146e-04,1.381657221097763147e-04
5.504276196994365433e-01,7.881047710241889659e-01,3.223089440050774801e-02,1.077473752825684403e-03,8.502534514899765146e-04,1.381657221097763147e-04
5.504276196994365433e-01,7.881047710241889659e-01,3.223089440050774801e-02,1.077473752825684403e-03,8.502534514899765146e-04,1.381657221097763147e-04
5.504276196994365433e-01,7.881047710241889659e-01,3.223089440050774801e-02,1.077473752825684403e-03,8.502534514899765146e-04,1.381657221097763147e-04
5.384530265530971249e-01,7.863594348323574845e-01,3.173712208261832146e-02,1.373382943268288163e-03,1.008749786540432368e-03,1.665319133985486996e-04
5.384530265530971249e-01,7.863594348323574845e-01,3.173712208261832146e-02,1.373382943268288163e-03,1.008749786540432368e-03,1.665319133985486996e-04
5.384530265530971249e-01,7.863594348323574845e-01,3.173712208261832146e-02,1.373382943268288163e-03,1.008749786540432368e-03,1.665319133985486996e-04
5.384530265530971249e-01,7.863594348323574845e-01,3.173712208261832146e-02,1.373382943268288163e-03,1.008749786540432368e-03,1.665319133985486996e-04
5.384530265530971249e-01,7.863594348323574845e-01,3.173712208261832146e-02,1.373382943268288163e-03,1.008749786540432368e-03,1.665319133985486996e-04
5.384530265530971249e-01,7.863594348323574845e-01,3.173712208261832146e-02,1.373382943268288163e-03,1.008749786540432368e-03,1.665319133985486996e-04
5.384530265530971249e-01,7.863594348323574845e-01,3.173712208261832146e-02,1.373382943268288163e-03,1.008749786540432368e-03,1.665319133985486996e-04
5.384530265530971249e-01,7.863594348323574845e-01,3.173712208261832146e-02,1.373382943268288163e-03,1.008749786540432368e-03,1.665319133985486996e-04
5.384530265530971249e-01,7.863594348323574845e-01,3.173712208261832146e-02,1.373382943268288163e-03,1.008749786540432368e-03,1.665319133985486996e-04
5.384530265530971249e-01,7.863594348323574845e-01,3.173712208261832146e-02,1.373382943268288163e-03,1.008749786540432368e-03,1.665319133985486996e-04
5.384530265530971249e-01,7.863594348323574845e-01,3.173712208261832146e-02,1.373382943268288163e-03,1.008749786540432368e-03,1.665319133985486996e-04
5.384530265530971249e-01,7.863594348323574845e-01,3.173712208261832146e-02,1.373382943268288163e-03,1.008749786540432368e-03,1.665319133985486996e-04
5.384530265530971249e-01,7.863594348323574845e-01,3.173712208261832146e-02,1.373382943268288163e-03,1.008749786540432368e-03,1.665319133985486996e-04
5.384530265530971249e-01,7.863594348323574845e-01,3.173712208261832146e-02,1.373382943268288163e-03,1.008749786540432368e-03,1.665319133985486996e-04
5.384530265530971249e-01,7.863594348323574845e-01,3.173712208261832146e-02,1.373382943268288163e-03,1.008749786540432368e-03,1.665319133985486996e-04
5.206291493127997994e-01,7.870088116353213259e-01,3.136661512131719287e-02,1.727117325027945115e-03,1.173489475217921654e-03,1.988975732226240067e-04
5.206291493127997994e-01,7.870088116353213259e-01,3.136661512131719287e-02,1.727117325027945115e-03,1.173489475217921654e-03,1.988975732226240067e-04
5.206291493127997994e-01,7.870088116353213259e-01,3.136661512131719287e-02,1.727117325027945115e-03,1.173489475217921654e-03,1.988975732226240067e-04
5.206291493127997994e-01,7.870088116353213259e-01,3.136661512131719287e-02,1.727117325027945115e-03,1.173489475217921654e-03,1.988975732226240067e-04
5.206291493127997994e-01,7.870088116353213259e-01,3.136661512131719287e-02,1.727117325027945115e-03,1.173489475217921654e-03,1.988975732226240067e-04
5.206291493127997994e-01,7.870088116353213259e-01,3.136661512131719287e-02,1.727117325027945115e-03,1.173489475217921654e-03,1.988975732226240067e-04
5.206291493127997994e-01,7.870088116353213259e-01,3.136661512131719287e-02,1.727117325027945115e-03,1.173489475217921654e-03,1.988975732226240067e-04
5.206291493127997994e-01,7.870088116353213259e-01,3.136661512131719287e-02,1.727117325027945115e-03,1.173489475217921654e-03,1.988975732226240067e-04
5.206291493127997994e-01,7.870088116353213259e-01,3.136661512131719287e-02,1.727117325027945115e-03,1.173489475217921654e-03,1.988975732226240067e-04
5.206291493127997994e-01,7.870088116353213259e-01,3.136661512131719287e-02,1.727117325027945115e-03,1.173489475217921654e-03,1.988975732226240067e-04
5.206291493127997994e-01,7.870088116353213259e-01,3.136661512131719287e-02,1.727117325027945115e-03,1.173489475217921654e-03,1.988975732226240067e-04
5.206291493127997994e-01,7.870088116353213259e-01,3.136661512131719287e-02,1.727117325027945115e-03,1.173489475217921654e-03,1.988975732226240067e-04
5.206291493127997994e-01,7.870088116353213259e-01,3.136661512131719287e-02,1.727117325027945115e-03,1.173489475217921654e-03,1.988975732226240067e-04
5.206291493127997994e-01,7.870088116353213259e-01,3.136661512131719287e-02,1.727117325027945115e-03,1.173489475217921654e-03,1.988975732226240067e-04
5.206291493127997994e-01,7.870088116353213259e-01,3.136661512131719287e-02,1.727117325027945115e-03,1.173489475217921654e-03,1.988975732226240067e-04
4.963056688549529194e-01,7.908571275318806437e-01,3.123291047502778014e-02,2.110706898784711107e-03,1.311735188372540727e-03,2.314730564403911497e-04
4.963056688549529194e-01,7.908571275318806437e-01,3.123291047502778014e-02,2.110706898784711107e-03,1.311735188372540727e-03,2.314730564403911497e-04
4.963056688549529194e-01,7.908571275318806437e-01,3.123291047502778014e-02,2.110706898784711107e-03,1.311735188372540727e-03,2.314730564403911497e-04
4.963056688549529194e-01,7.908571275318806437e-01,3.123291047502778014e-02,2.110706898784711107e-03,1.311735188372540727e-03,2.314730564403911497e-04
4.963056688549529194e-01,7.908571275318806437e-01,3.123291047502778014e-02,2.110706898784711107e-03,1.311735188372540727e-03,2.314730564403911497e-04
4.963056688549529194e-01,7.908571275318806437e-01,3.123291047502778014e-02,2.110706898784711107e-03,1.311735188372540727e-03,2.314730564403911497e-04
4.963056688549529194e-01,7.908571275318806437e-01,3.123291047502778014e-02,2.110706898784711107e-03,1.311735188372540727e-03,2.314730564403911497e-04
4.963056688549529194e-01,7.908571275318806437e-01,3.123291047502778014e-02,2.110706898784711107e-03,1.311735188372540727e-03,2.314730564403911497e-04
4.963056688549529194e-01,7.908571275318806437e-01,3.123291047502778014e-02,2.110706898784711107e-03,1.311735188372540727e-03,2.314730564403911497e-04
4.963056688549529194e-01,7.908571275318806437e-01,3.123291047502778014e-02,2.110706898784711107e-03,1.311735188372540727e-03,2.314730564403911497e-04
4.963056688549529194e-01,7.908571275318806437e-01,3.123291047502778014e-02,2.110706898784711107e-03,1.311735188372540727e-03,2.314730564403911497e-04
4.963056688549529194e-01,7.908571275318806437e-01,3.123291047502778014e-02,2.110706898784711107e-03,1.311735188372540727e-03,2.314730564403911497e-04
4.963056688549529194e-01,7.908571275318806437e-01,3.123291047502778014e-02,2.110706898784711107e-03,1.311735188372540727e-03,2.314730564403911497e-04
4.963056688549529194e-01,7.908571275318806437e-01,3.123291047502778014e-02,2.110706898784711107e-03,1.311735188372540727e-03,2.314730564403911497e-04
4.963056688549529194e-01,7.908571275318806437e-01,3.123291047502778014e-02,2.110706898784711107e-03,1.311735188372540727e-03,2.314730564403911497e-04
4.664059648479604858e-01,7.977401076263949120e-01,3.138983063175104088e-02,2.483323603440047017e-03,1.395102135545629035e-03,2.599377620099011573e-04
4.664059648479604858e-01,7.977401076263949120e-01,3.138983063175104088e-02,2.483323603440047017e-03,1.395102135545629035e-03,2.599377620099011573e-04
4.664059648479604858e-01,7.977401076263949120e-01,3.138983063175104088e-02,2.483323603440047017e-03,1.395102135545629035e-03,2.599377620099011573e-04
4.664059648479604858e-01,7.977401076263949120e-01,3.138983063175104088e-02,2.483323603440047017e-03,1.395102135545629035e-03,2.599377620099011573e-04
4.664059648479604858e-01,7.977401076263949120e-01,3.138983063175104088e-02,2.483323603440047017e-03,1.395102135545629035e-03,2.599377620099011573e-04
4.664059648479604858e-01,7.977401076263949120e-01,3.138983063175104088e-02,2.483323603440047017e-03,1.395102135545629035e-03,2.599377620099011573e-04
4.664059648479604858e-01,7.977401076263949120e-01,3.138983063175104088e-02,2.483323603440047017e-03,1.395102135545629035e-03,2.599377620099011573e-04
4.664059648479604858e-01,7.977401076263949120e-01,3.138983063175104088e-02,2.483323603440047017e-03,1.395102135545629035e-03,2.599377620099011573e-04
4.664059648479604858e-01,7.977401076263949120e-01,3.138983063175104088e-02,2.483323603440047017e-03,1.395102135545629035e-03,2.599377620099011573e-04
4.664059648479604858e-01,7.977401076263949120e-01,3.138983063175104088e-02,2.483323603440047017e-03,1.395102135545629035e-03,2.599377620099011573e-04
4.664059648479604858e-01,7.977401076263949120e-01,3.138983063175104088e-02,2.483323603440047017e-03,1.395102135545629035e-03,2.599377620099011573e-04
4.664059648479604858e-01,7.977401076263949120e-01,3.138983063175104088e-02,2.483323603440047017e-03,1.395102135545629035e-03,2.599377620099011573e-04
4.664059648479604858e-01,7.977401076263949120e-01,3.138983063175104088e-02,2.483323603440047017e-03,1.395102135545629035e-03,2.599377620099011573e-04
4.664059648479604858e-01,7.977401076263949120e-01,3.138983063175104088e-02,2.483323603440047017e-03,1.395102135545629035e-03,2.599377620099011573e-04
4.664059648479604858e-01,7.977401076263949120e-01,3.138983063175104088e-02,2.483323603440047017e-03,1.395102135545629035e-03,2.599377620099011573e-04
4.329852276434652536e-01,8.065964407874334219e-01,3.180482834480866799e-02,2.808632509715111841e-03,1.416226336176720172e-03,2.815637925662025829e-04
4.329852276434652536e-01,8.065964407874334219e-01,3.180482834480866799e-02,2.808632509715111841e-03,1.416226336176720172e-03,2.815637925662025829e-04
4.329852276434652536e-01,8.065964407874334219e-01,3.180482834480866799e-02,2.808632509715111841e-03,1.416226336176720172e-03,2.815637925662025829e-04
4.329852276434652536e-01,8.065964407874334219e-01,3.180482834480866799e-02,2.808632509715111841e-03,1.416226336176720172e-03,2.815637925662025829e-04
4.329852276434652536e-01,8.065964407874334219e-01,3.180482834480866799e-02,2.808632509715111841e-03,1.416226336176720172e-03,2.815637925662025829e-04
4.329852276434652536e-01,8.065964407874334219e-01,3.180482834480866799e-02,2.808632509715111841e-03,1.416226336176720172e-03,2.815637925662025829e-04
4.329852276434652536e-01,8.065964407874334219e-01,3.180482834480866799e-02,2.808632509715111841e-03,1.416226336176720172e-03,2.815637925662025829e-04
4.329852276434652536e-01,8.065964407874334219e-01,3.180482834480866799e-02,2.808632509715111841e-03,1.416226336176720172e-03,2.815637925662025829e-04
4.329852276434652536e-01,8.065964407874334219e-01,3.180482834480866799e-02,2.808632509715111841e-03,1.416226336176720172e-03,2.815637925662025829e-04
4.329852276434652536e-01,8.065964407874334219e-01,3.180482834480866799e-02,2.808632509715111841e-03,1.416226336176720172e-03,2.815637925662025829e-04
4.329852276434652536e-01,8.065964407874334219e-01,3.180482834480866799e-02,2.808632509715111841e-03,1.416226336176720172e-03,2.815637925662025829e-04
4.329852276434652536e-01,8.065964407874334219e-01,3.180482834480866799e-02,2.808632509715111841e-03,1.416226336176720172e-03,2.815637925662025829e-04
4.329852276434652536e-01,8.065964407874334219e-01,3.180482834480866799e-02,2.808632509715111841e-03,1.416226336176720172e-03,2.815637925662025829e-04
4.329852276434652536e-01,8.065964407874334219e-01,3.180482834480866799e-02,2.808632509715111841e-03,1.416226336176720172e-03,2.815637925662025829e-04
4.329852276434652536e-01,8.065964407874334219e-01,3.180482834480866799e-02,2.808632509715111841e-03,1.416226336176720172e-03,2.815637925662025829e-04
3.981297050688869521e-01,8.161193555829355795e-01,3.239155169998609446e-02,3.069525361714051537e-03,1.387956709649387950e-03,2.960852597177846815e-04
3.981297050688869521e-01,8.161193555829355795e-01,3.239155169998609446e-02,3.069525361714051537e-03,1.387956709649387950e-03,2.960852597177846815e-04
3.981297050688869521e-01,8.161193555829355795e-01,3.239155169998609446e-02,3.069525361714051537e-03,1.387956709649387950e-03,2.960852597177846815e-04
3.981297050688869521e-01,8.161193555829355795e-01,3.239155169998609446e-02,3.069525361714051537e-03,1.387956709649387950e-03,2.960852597177846815e-04
3.981297050688869521e-01,8.161193555829355795e-01,3.239155169998609446e-02,3.069525361714051537e-03,1.387956709649387950e-03,2.960852597177846815e-04
3.981297050688869521e-01,8.161193555829355795e-01,3.239155169998609446e-02,3.069525361714051537e-03,1.387956709649387950e-03,2.960852597177846815e-04
3.981297050688869521e-01,8.161193555829355795e-01,3.239155169998609446e-02,3.069525361714051537e-03,1.387956709649387950e-03,2.960852597177846815e-04
3.981297050688869521e-01,8.161193555829355795e-01,3.239155169998609446e-02,3.069525361714051537e-03,1.387956709649387950e-03,2.960852597177846815e-04
3.981297050688869521e-01,8.161193555829355795e-01,3.239155169998609446e-02,3.069525361714051537e-03,1.387956709649387950e-03,2.960852597177846815e-04
3.981297050688869521e-01,8.161193555829355795e-01,3.239155169998609446e-02,3.069525361714051537e-03,1.387956709649387950e-03,2.960852597177846815e-04
3.981297050688869521e-01,8.161193555829355795e-01,3.239155169998609446e-02,3.069525361714051537e-03,1.387956709649387950e-03,2.960852597177846815e-04
3.981297050688869521e-01,8.161193555829355795e-01,3.239155169998609446e-02,3.069525361714051537e-03,1.387956709649387950e-03,2.960852597177846815e-04
3.981297050688869521e-01,8.161193555829355795e-01,3.239155169998609446e-02,3.069525361714051537e-03,1.387956709649387950e-03,2.960852597177846815e-04
3.981297050688869521e-01,8.161193555829355795e-01,3.239155169998609446e-02,3.069525361714051537e-03,1.387956709649387950e-03,2.960852597177846815e-04
3.981297050688869521e-01,8.161193555829355795e-01,3.239155169998609446e-02,3.069525361714051537e-03,1.387956709649387950e-03,2.960852597177846815e-04
3.631993880910710515e-01,8.253087186306493628e-01,3.306057981415533309e-02,3.268698121048698845e-03,1.330066062860833266e-03,3.049047726976065759e-04
3.631993880910710515e-01,8.253087186306493628e-01,3.306057981415533309e-02,3.268698121048698845e-03,1.330066062860833266e-03,3.049047726976065759e-04
3.631993880910710515e-01,8.253087186306493628e-01,3.306057981415533309e-02,3.268698121048698845e-03,1.330066062860833266e-03,3.049047726976065759e-04
3.631993880910710515e-01,8.253087186306493628e-01,3.306057981415533309e-02,3.268698121048698845e-03,1.330066062860833266e-03,3.049047726976065759e-04
3.631993880910710515e-01,8.253087186306493628e-01,3.306057981415533309e-02,3.268698121048698845e-03,1.330066062860833266e-03,3.049047726976065759e-04
3.631993880910710515e-01,8.253087186306493628e-01,3.306057981415533309e-02,3.268698121048698845e-03,1.330066062860833266e-03,3.049047726976065759e-04
3.631993880910710515e-01,8.253087186306493628e-01,3.306057981415533309e-02,3.268698121048698845e-03,1.330066062860833266e-03,3.049047726976065759e-04
3.631993880910710515e-01,8.253087186306493628e-01,3.306057981415533309e-02,3.268698121048698845e-03,1.330066062860833266e-03,3.049047726976065759e-04
3.631993880910710515e-01,8.253087186306493628e-01,3.306057981415533309e-02,3.268698121048698845e-03,1.330066062860833266e-03,3.049047726976065759e-04
3.631993880910710515e-01,8.253087186306493628e-01,3.306057981415533309e-02,3.268698121048698845e-03,1.330066062860833266e-03,3.049047726976065759e-04
3.631993880910710515e-01,8.253087186306493628e-01,3.306057981415533309e-02,3.268698121048698845e-03,1.330066062860833266e-03,3.049047726976065759e-04
3.631993880910710515e-01,8.253087186306493628e-01,3.306057981415533309e-02,3.268698121048698845e-03,1.330066062860833266e-03,3.049047726976065759e-04
3.631993880910710515e-01,8.253087186306493628e-01,3.306057981415533309e-02,3.268698121048698845e-03,1.330066062860833266e-03,3.049047726976065759e-04
3.631993880910710515e-01,8.253087186306493628e-01,3.306057981415533309e-02,3.268698121048698845e-03,1.330066062860833266e-03,3.049047726976065759e-04
3.631993880910710515e-01,8.253087186306493628e-01,3.306057981415533309e-02,3.268698121048698845e-03,1.330066062860833266e-03,3.049047726976065759e-04
3.287691056560912428e-01,8.335999665734328268e-01,3.374698294032628387e-02,3.419219915964961248e-03,1.258882441681374647e-03,3.098574453359375855e-04
3.287691056560912428e-01,8.335999665734328268e-01,3.374698294032628387e-02,3.419219915964961248e-03,1.258882441681374647e-03,3.098574453359375855e-04
3.287691056560912428e-01,8.335999665734328268e-01,3.374698294032628387e-02,3.419219915964961248e-03,1.258882441681374647e-03,3.098574453359375855e-04
3.287691056560912428e-01,8.335999665734328268e-01,3.374698294032628387e-02,3.419219915964961248e-03,1.258882441681374647e-03,3.098574453359375855e-04
3.287691056560912428e-01,8.335999665734328268e-01,3.374698294032628387e-02,3.419219915964961248e-03,1.258882441681374647e-03,3.098574453359375855e-04
3.287691056560912428e-01,8.335999665734328268e-01,3.374698294032628387e-02,3.419219915964961248e-03,1.258882441681374647e-03,3.098574453359375855e-04
3.287691056560912428e-01,8.335999665734328268e-01,3.374698294032628387e-02,3.419219915964961248e-03,1.258882441681374647e-03,3.098574453359375855e-04
3.287691056560912428e-01,8.335999665734328268e-01,3.374698294032628387e-02,3.419219915964961248e-03,1.258882441681374647e-03,3.098574453359375855e-04
3.287691056560912428e-01,8.335999665734328268e-01,3.374698294032628387e-02,3.419219915964961248e-03,1.258882441681374647e-03,3.098574453359375855e-04
3.287691056560912428e-01,8.335999665734328268e-01,3.374698294032628387e-02,3.419219915964961248e-03,1.258882441681374647e-03,3.098574453359375855e-04
3.287691056560912428e-01,8.335999665734328268e-01,3.374698294032628387e-02,3.419219915964961248e-03,1.258882441681374647e-03,3.098574453359375855e-04
3.287691056560912428e-01,8.335999665734328268e-01,3.374698294032628387e-02,3.419219915964961248e-03,1.258882441681374647e-03,3.098574453359375855e-04
3.287691056560912428e-01,8.335999665734328268e-01,3.374698294032628387e-02,3.419219915964961248e-03,1.258882441681374647e-03,3.098574453359375855e-04
3.287691056560912428e-01,8.335999665734328268e-01,3.374698294032628387e-02,3.419219915964961248e-03,1.258882441681374647e-03,3.098574453359375855e-04
3.287691056560912428e-01,8.335999665734328268e-01,3.374698294032628387e-02,3.419219915964961248e-03,1.258882441681374647e-03,3.098574453359375855e-04
2.949256976778524830e-01,8.407427295257190458e-01,3.441253587586504126e-02,3.535406326101794058e-03,1.184593480159933142e-03,3.124728867767278943e-04
2.949256976778524830e-01,8.407427295257190458e-01,3.441253587586504126e-02,3.535406326101794058e-03,1.184593480159933142e-03,3.124728867767278943e-04
2.949256976778524830e-01,8.407427295257190458e-01,3.441253587586504126e-02,3.535406326101794058e-03,1.184593480159933142e-03,3.124728867767278943e-04
2.949256976778524830e-01,8.407427295257190458e-01,3.441253587586504126e-02,3.535406326101794058e-03,1.184593480159933142e-03,3.124728867767278943e-04
2.949256976778524830e-01,8.407427295257190458e-01,3.441253587586504126e-02,3.535406326101794058e-03,1.184593480159933142e-03,3.124728867767278943e-04
2.949256976778524830e-01,8.407427295257190458e-01,3.441253587586504126e-02,3.535406326101794058e-03,1.184593480159933142e-03,3.124728867767278943e-04
2.949256976778524830e-01,8.407427295257190458e-01,3.441253587586504126e-02,3.535406326101794058e-03,1.184593480159933142e-03,3.124728867767278943e-04
2.949256976778524830e-01,8.407427295257190458e-01,3.441253587586504126e-02,3.535406326101794058e-03,1.184593480159933142e-03,3.124728867767278943e-04
2.949256976778524830e-01,8.407427295257190458e-01,3.441253587586504126e-02,3.535406326101794058e-03,1.184593480159933142e-03,3.124728867767278943e-04
2.949256976778524830e-01,8.407427295257190458e-01,3.441253587586504126e-02,3.535406326101794058e-03,1.184593480159933142e-03,3.124728867767278943e-04
2.949256976778524830e-01,8.407427295257190458e-01,3.441253587586504126e-02,3.535406326101794058e-03,1.184593480159933142e-03,3.124728867767278943e-04
2.949256976778524830e-01,8.407427295257190458e-01,3.441253587586504126e-02,3.535406326101794058e-03,1.184593480159933142e-03,3.124728867767278943e-04
2.949256976778524830e-01,8.407427295257190458e-01,3.441253587586504126e-02,3.535406326101794058e-03,1.184593480159933142e-03,3.124728867767278943e-04
2.949256976778524830e-01,8.407427295257190458e-01,3.441253587586504126e-02,3.535406326101794058e-03,1.184593480159933142e-03,3.124728867767278943e-04
2.949256976778524830e-01,8.407427295257190458e-01,3.441253587586504126e-02,3.535406326101794058e-03,1.184593480159933142e-03,3.124728867767278943e-04
2.615598281805194825e-01,8.466510632649135726e-01,3.503764094052005257e-02,3.628424257556070540e-03,1.112619403861411132e-03,3.137865460274285472e-04
2.615598281805194825e-01,8.466510632649135726e-01,3.503764094052005257e-02,3.628424257556070540e-03,1.112619403861411132e-03,3.137865460274285472e-04
2.615598281805194825e-01,8.466510632649135726e-01,3.503764094052005257e-02,3.628424257556070540e-03,1.112619403861411132e-03,3.137865460274285472e-04
2.615598281805194825e-01,8.466510632649135726e-01,3.503764094052005257e-02,3.628424257556070540e-03,1.112619403861411132e-03,3.137865460274285472e-04
2.615598281805194825e-01,8.466510632649135726e-01,3.503764094052005257e-02,3.628424257556070540e-03,1.112619403861411132e-03,3.137865460274285472e-04
2.615598281805194825e-01,8.466510632649135726e-01,3.503764094052005257e-02,3.628424257556070540e-03,1.112619403861411132e-03,3.137865460274285472e-04
2.615598281805194825e-01,8.466510632649135726e-01,3.503764094052005257e-02,3.628424257556070540e-03,1.112619403861411132e-03,3.137865460274285472e-04
2.615598281805194825e-01,8.466510632649135726e-01,3.503764094052005257e-02,3.628424257556070540e-03,1.112619403861411132e-03,3.137865460274285472e-04
2.615598281805194825e-01,8.466510632649135726e-01,3.503764094052005257e-02,3.628424257556070540e-03,1.112619403861411132e-03,3.137865460274285472e-04
2.615598281805194825e-01,8.466510632649135726e-01,3.503764094052005257e-02,3.628424257556070540e-03,1.112619403861411132e-03,3.137865460274285472e-04
2.615598281805194825e-01,8.466510632649135726e-01,3.503764094052005257e-02,3.628424257556070540e-03,1.112619403861411132e-03,3.137865460274285472e-04
2.615598281805194825e-01,8.466510632649135726e-01,3.503764094052005257e-02,3.628424257556070540e-03,1.112619403861411132e-03,3.137865460274285472e-04
2.615598281805194825e-01,8.466510632649135726e-01,3.503764094052005257e-02,3.628424257556070540e-03,1.112619403861411132e-03,3.137865460274285472e-04
2.615598281805194825e-01,8.466510632649135726e-01,3.503764094052005257e-02,3.628424257556070540e-03,1.112619403861411132e-03,3.137865460274285472e-04
2.615598281805194825e-01,8.466510632649135726e-01,3.503764094052005257e-02,3.628424257556070540e-03,1.112619403861411132e-03,3.137865460274285472e-04
2.285335649818538428e-01,8.513073828148264299e-01,3.561317192896520240e-02,3.705563358902313077e-03,1.045603017512127799e-03,3.144184548810968847e-04
2.285335649818538428e-01,8.513073828148264299e-01,3.561317192896520240e-02,3.705563358902313077e-03,1.045603017512127799e-03,3.144184548810968847e-04
2.285335649818538428e-01,8.513073828148264299e-01,3.561317192896520240e-02,3.705563358902313077e-03,1.045603017512127799e-03,3.144184548810968847e-04
2.285335649818538428e-01,8.513073828148264299e-01,3.561317192896520240e-02,3.705563358902313077e-03,1.045603017512127799e-03,3.144184548810968847e-04
2.285335649818538428e-01,8.513073828148264299e-01,3.561317192896520240e-02,3.705563358902313077e-03,1.045603017512127799e-03,3.144184548810968847e-04
2.285335649818538428e-01,8.513073828148264299e-01,3.561317192896520240e-02,3.705563358902313077e-03,1.045603017512127799e-03,3.144184548810968847e-04
2.285335649818538428e-01,8.513073828148264299e-01,3.561317192896520240e-02,3.705563358902313077e-03,1.045603017512127799e-03,3.144184548810968847e-04
2.285335649818538428e-01,8.513073828148264299e-01,3.561317192896520240e-02,3.705563358902313077e-03,1.045603017512127799e-03,3.144184548810968847e-04
2.285335649818538428e-01,8.513073828148264299e-01,3.561317192896520240e-02,3.705563358902313077e-03,1.045603017512127799e-03,3.144184548810968847e-04
2.285335649818538428e-01,8.513073828148264299e-01,3.561317192896520240e-02,3.705563358902313077e-03,1.045603017512127799e-03,3.144184548810968847e-04
2.285335649818538428e-01,8.513073828148264299e-01,3.561317192896520240e-02,3.705563358902313077e-03,1.045603017512127799e-03,3.144184548810968847e-04
2.285335649818538428e-01,8.513073828148264299e-01,3.561317192896520240e-02,3.705563358902313077e-03,1.045603017512127799e-03,3.144184548810968847e-04
2.285335649818538428e-01,8.513073828148264299e-01,3.561317192896520240e-02,3.705563358902313077e-03,1.045603017512127799e-03,3.144184548810968847e-04
2.285335649818538428e-01,8.513073828148264299e-01,3.561317192896520240e-02,3.705563358902313077e-03,1.045603017512127799e-03,3.144184548810968847e-04
2.285335649818538428e-01,8.513073828148264299e-01,3.561317192896520240e-02,3.705563358902313077e-03,1.045603017512127799e-03,3.144184548810968847e-04
1.958176152064945441e-01,8.547433512384595700e-01,3.613629012082292952e-02,3.771330411345675659e-03,9.849373008130452283e-04,3.148491835845602265e-04
1.958176152064945441e-01,8.547433512384595700e-01,3.613629012082292952e-02,3.771330411345675659e-03,9.849373008130452283e-04,3.148491835845602265e-04
1.958176152064945441e-01,8.547433512384595700e-01,3.613629012082292952e-02,3.771330411345675659e-03,9.849373008130452283e-04,3.148491835845602265e-04
1.958176152064945441e-01,8.547433512384595700e-01,3.613629012082292952e-02,3.771330411345675659e-03,9.849373008130452283e-04,3.148491835845602265e-04
1.958176152064945441e-01,8.547433512384595700e-01,3.613629012082292952e-02,3.771330411345675659e-03,9.849373008130452283e-04,3.148491835845602265e-04
1.958176152064945441e-01,8.547433512384595700e-01,3.613629012082292952e-02,3.771330411345675659e-03,9.849373008130452283e-04,3.148491835845602265e-04
1.958176152064945441e-01,8.547433512384595700e-01,3.613629012082292952e-02,3.771330411345675659e-03,9.849373008130452283e-04,3.148491835845602265e-04
1.958176152064945441e-01,8.547433512384595700e-01,3.613629012082292952e-02,3.771330411345675659e-03,9.849373008130452283e-04,3.148491835845602265e-04
1.958176152064945441e-01,8.547433512384595700e-01,3.613629012082292952e-02,3.771330411345675659e-03,9.849373008130452283e-04,3.148491835845602265e-04
1.958176152064945441e-01,8.547433512384595700e-01,3.613629012082292952e-02,3.771330411345675659e-03,9.849373008130452283e-04,3.148491835845602265e-04
1.958176152064945441e-01,8.547433512384595700e-01,3.613629012082292952e-02,3.771330411345675659e-03,9.849373008130452283e-04,3.148491835845602265e-04
1.958176152064945441e-01,8.547433512384595700e-01,3.613629012082292952e-02,3.771330411345675659e-03,9.849373008130452283e-04,3.148491835845602265e-04
1.958176152064945441e-01,8.547433512384595700e-01,3.613629012082292952e-02,3.771330411345675659e-03,9.849373008130452283e-04,3.148491835845602265e-04
1.958176152064945441e-01,8.547433512384595700e-01,3.613629012082292952e-02,3.771330411345675659e-03,9.849373008130452283e-04,3.148491835845602265e-04
1.958176152064945441e-01,8.547433512384595700e-01,3.613629012082292952e-02,3.771330411345675659e-03,9.849373008130452283e-04,3.148491835845602265e-04
1.631745701872069909e-01,8.569027286091361884e-01,3.660251707924515319e-02,3.827204066944170976e-03,9.309067738206978481e-04,3.148990952987176426e-04
1.631745701872069909e-01,8.569027286091361884e-01,3.660251707924515319e-02,3.827204066944170976e-03,9.309067738206978481e-04,3.148990952987176426e-04
1.631745701872069909e-01,8.569027286091361884e-01,3.660251707924515319e-02,3.827204066944170976e-03,9.309067738206978481e-04,3.148990952987176426e-04
1.631745701872069909e-01,8.569027286091361884e-01,3.660251707924515319e-02,3.827204066944170976e-03,9.309067738206978481e-04,3.148990952987176426e-04
1.631745701872069909e-01,8.569027286091361884e-01,3.660251707924515319e-02,3.827204066944170976e-03,9.309067738206978481e-04,3.148990952987176426e-04
1.631745701872069909e-01,8.569027286091361884e-01,3.660251707924515319e-02,3.827204066944170976e-03,9.309067738206978481e-04,3.148990952987176426e-04
1.631745701872069909e-01,8.569027286091361884e-01,3.660251707924515319e-02,3.827204066944170976e-03,9.309067738206978481e-04,3.148990952987176426e-04
1.631745701872069909e-01,8.569027286091361884e-01,3.660251707924515319e-02,3.827204066944170976e-03,9.309067738206978481e-04,3.148990952987176426e-04
1.631745701872069909e-01,8.569027286091361884e-01,3.660251707924515319e-02,3.827204066944170976e-03,9.309067738206978481e-04,3.148990952987176426e-04
1.631745701872069909e-01,8.569027286091361884e-01,3.660251707924515319e-02,3.827204066944170976e-03,9.309067738206978481e-04,3.148990952987176426e-04
1.631745701872069909e-01,8.569027286091361884e-01,3.660251707924515319e-02,3.827204066944170976e-03,9.309067738206978481e-04,3.148990952987176426e-04
1.631745701872069909e-01,8.569027286091361884e-01,3.660251707924515319e-02,3.827204066944170976e-03,9.309067738206978481e-04,3.148990952987176426e-04
1.631745701872069909e-01,8.569027286091361884e-01,3.660251707924515319e-02,3.827204066944170976e-03,9.309067738206978481e-04,3.148990952987176426e-04
1.631745701872069909e-01,8.569027286091361884e-01,3.660251707924515319e-02,3.827204066944170976e-03,9.309067738206978481e-04,3.148990952987176426e-04
1.631745701872069909e-01,8.569027286091361884e-01,3.660251707924515319e-02,3.827204066944170976e-03,9.309067738206978481e-04,3.148990952987176426e-04
1.307257101831779678e-01,8.578438612104324346e-01,3.701317337994566165e-02,3.874756807660798517e-03,8.841464322058590350e-04,3.149205537846865108e-04
1.307257101831779678e-01,8.578438612104324346e-01,3.701317337994566165e-02,3.874756807660798517e-03,8.841464322058590350e-04,3.149205537846865108e-04
1.307257101831779678e-01,8.578438612104324346e-01,3.701317337994566165e-02,3.874756807660798517e-03,8.841464322058590350e-04,3.149205537846865108e-04
1.307257101831779678e-01,8.578438612104324346e-01,3.701317337994566165e-02,3.874756807660798517e-03,8.841464322058590350e-04,3.149205537846865108e-04
1.307257101831779678e-01,8.578438612104324346e-01,3.701317337994566165e-02,3.874756807660798517e-03,8.841464322058590350e-04,3.149205537846865108e-04
1.307257101831779678e-01,8.578438612104324346e-01,3.701317337994566165e-02,3.874756807660798517e-03,8.841464322058590350e-04,3.149205537846865108e-04
1.307257101831779678e-01,8.578438612104324346e-01,3.701317337994566165e-02,3.874756807660798517e-03,8.841464322058590350e-04,3.149205537846865108e-04
1.307257101831779678e-01,8.578438612104324346e-01,3.701317337994566165e-02,3.874756807660798517e-03,8.841464322058590350e-04,3.149205537846865108e-04
1.307257101831779678e-01,8.578438612104324346e-01,3.701317337994566165e-02,3.874756807660798517e-03,8.841464322058590350e-04,3.149205537846865108e-04
1.307257101831779678e-01,8.578438612104324346e-01,3.701317337994566165e-02,3.874756807660798517e-03,8.841464322058590350e-04,3.149205537846865108e-04
1.307257101831779678e-01,8.578438612104324346e-01,3.701317337994566165e-02,3.874756807660798517e-03,8.841464322058590350e-04,3.149205537846865108e-04
1.307257101831779678e-01,8.578438612104324346e-01,3.701317337994566165e-02,3.874756807660798517e-03,8.841464322058590350e-04,3.149205537846865108e-04
1.307257101831779678e-01,8.578438612104324346e-01,3.701317337994566165e-02,3.874756807660798517e-03,8.841464322058590350e-04,3.149205537846865108e-04
1.307257101831779678e-01,8.578438612104324346e-01,3.701317337994566165e-02,3.874756807660798517e-03,8.841464322058590350e-04,3.149205537846865108e-04
1.307257101831779678e-01,8.578438612104324346e-01,3.701317337994566165e-02,3.874756807660798517e-03,8.841464322058590350e-04,3.149205537846865108e-04
9.847120842775440586e-02,8.575754167618266921e-01,3.736791022717508154e-02,3.914358037410832838e-03,8.448740419198936787e-04,3.149294601938315888e-04
9.847120842775440586e-02,8.575754167618266921e-01,3.736791022717508154e-02,3.914358037410832838e-03,8.448740419198936787e-04,3.149294601938315888e-04
9.847120842775440586e-02,8.575754167618266921e-01,3.736791022717508154e-02,3.914358037410832838e-03,8.448740419198936787e-04,3.149294601938315888e-04
9.847120842775440586e-02,8.575754167618266921e-01,3.736791022717508154e-02,3.914358037410832838e-03,8.448740419198936787e-04,3.149294601938315888e-04
9.847120842775440586e-02,8.575754167618266921e-01,3.736791022717508154e-02,3.914358037410832838e-03,8.448740419198936787e-04,3.149294601938315888e-04
9.847120842775440586e-02,8.575754167618266921e-01,3.736791022717508154e-02,3.914358037410832838e-03,8.448740419198936787e-04,3.149294601938315888e-04
9.847120842775440586e-02,8.575754167618266921e-01,3.736791022717508154e-02,3.914358037410832838e-03,8.448740419198936787e-04,3.149294601938315888e-04
9.847120842775440586e-02,8.575754167618266921e-01,3.736791022717508154e-02,3.914358037410832838e-03,8.448740419198936787e-04,3.149294601938315888e-04
9.847120842775440586e-02,8.575754167618266921e-01,3.736791022717508154e-02,3.914358037410832838e-03,8.448740419198936787e-04,3.149294601938315888e-04
9.847120842775440586e-02,8.575754167618266921e-01,3.736791022717508154e-02,3.914358037410832838e-03,8.448740419198936787e-04,3.149294601938315888e-04
9.847120842775440586e-02,8.575754167618266921e-01,3.736791022717508154e-02,3.914358037410832838e-03,8.448740419198936787e-04,3.149294601938315888e-04
9.847120842775440586e-02,8.575754167618266921e-01,3.736791022717508154e-02,3.914358037410832838e-03,8.448740419198936787e-04,3.149294601938315888e-04
9.847120842775440586e-02,8.575754167618266921e-01,3.736791022717508154e-02,3.914358037410832838e-03,8.448740419198936787e-04,3.149294601938315888e-04
9.847120842775440586e-02,8.575754167618266921e-01,3.736791022717508154e-02,3.914358037410832838e-03,8.448740419198936787e-04,3.149294601938315888e-04
9.847120842775440586e-02,8.575754167618266921e-01,3.736791022717508154e-02,3.914358037410832838e-03,8.448740419198936787e-04,3.149294601938315888e-04
6.644306791872081619e-02,8.561075291542737942e-01,3.766686676984173920e-02,3.946091635215080717e-03,8.132722274010274538e-04,3.149330335192422202e-04
6.644306791872081619e-02,8.561075291542737942e-01,3.766686676984173920e-02,3.946091635215080717e-03,8.132722274010274538e-04,3.149330335192422202e-04
6.644306791872081619e-02,8.561075291542737942e-01,3.766686676984173920e-02,3.946091635215080717e-03,8.132722274010274538e-04,3.149330335192422202e-04
6.644306791872081619e-02,8.561075291542737942e-01,3.766686676984173920e-02,3.946091635215080717e-03,8.132722274010274538e-04,3.149330335192422202e-04
6.644306791872081619e-02,8.561075291542737942e-01,3.766686676984173920e-02,3.946091635215080717e-03,8.132722274010274538e-04,3.149330335192422202e-04
6.644306791872081619e-02,8.561075291542737942e-01,3.766686676984173920e-02,3.946091635215080717e-03,8.132722274010274538e-04,3.149330335192422202e-04
6.644306791872081619e-02,8.561075291542737942e-01,3.766686676984173920e-02,3.946091635215080717e-03,8.132722274010274538e-04,3.149330335192422202e-04
6.644306791872081619e-02,8.561075291542737942e-01,3.766686676984173920e-02,3.946091635215080717e-03,8.132722274010274538e-04,3.149330335192422202e-04
6.644306791872081619e-02,8.561075291542737942e-01,3.766686676984173920e-02,3.946091635215080717e-03,8.132722274010274538e-04,3.149330335192422202e-04
6.644306791872081619e-02,8.561075291542737942e-01,3.766686676984173920e-02,3.946091635215080717e-03,8.132722274010274538e-04,3.149330335192422202e-04
6.644306791872081619e-02,8.561075291542737942e-01,3.766686676984173920e-02,3.946091635215080717e-03,8.132722274010274538e-04,3.149330335192422202e-04
6.644306791872081619e-02,8.561075291542737942e-01,3.766686676984173920e-02,3.946091635215080717e-03,8.132722274010274538e-04,3.149330335192422202e-04
6.644306791872081619e-02,8.561075291542737942e-01,3.766686676984173920e-02,3.946091635215080717e-03,8.132722274010274538e-04,3.149330335192422202e-04
6.644306791872081619e-02,8.561075291542737942e-01,3.766686676984173920e-02,3.946091635215080717e-03,8.132722274010274538e-04,3.149330335192422202e-04
6.644306791872081619e-02,8.561075291542737942e-01,3.766686676984173920e-02,3.946091635215080717e-03,8.132722274010274538e-04,3.149330335192422202e-04
3.464856835625892278e-02,8.534555134878105687e-01,3.790950789099542528e-02,3.969959550622922592e-03,7.894553602636544083e-04,3.149344299962901516e-04
3.464856835625892278e-02,8.534555134878105687e-01,3.790950789099542528e-02,3.969959550622922592e-03,7.894553602636544083e-04,3.149344299962901516e-04
3.464856835625892278e-02,8.534555134878105687e-01,3.790950789099542528e-02,3.969959550622922592e-03,7.894553602636544083e-04,3.149344299962901516e-04
3.464856835625892278e-02,8.534555134878105687e-01,3.790950789099542528e-02,3.969959550622922592e-03,7.894553602636544083e-04,3.149344299962901516e-04
3.464856835625892278e-02,8.534555134878105687e-01,3.790950789099542528e-02,3.969959550622922592e-03,7.894553602636544083e-04,3.149344299962901516e-04
3.464856835625892278e-02,8.534555134878105687e-01,3.790950789099542528e-02,3.969959550622922592e-03,7.894553602636544083e-04,3.149344299962901516e-04
3.464856835625892278e-02,8.534555134878105687e-01,3.790950789099542528e-02,3.969959550622922592e-03,7.894553602636544083e-04,3.149344299962901516e-04
3.464856835625892278e-02,8.534555134878105687e-01,3.790950789099542528e-02,3.969959550622922592e-03,7.894553602636544083e-04,3.149344299962901516e-04
3.464856835625892278e-02,8.534555134878105687e-01,3.790950789099542528e-02,3.969959550622922592e-03,7.894553602636544083e-04,3.149344299962901516e-04
3.464856835625892278e-02,8.534555134878105687e-01,3.790950789099542528e-02,3.969959550622922592e-03,7.894553602636544083e-04,3.149344299962901516e-04
3.464856835625892278e-02,8.534555134878105687e-01,3.790950789099542528e-02,3.969959550622922592e-03,7.894553602636544083e-04,3.149344299962901516e-04
3.464856835625892278e-02,8.534555134878105687e-01,3.790950789099542528e-02,3.969959550622922592e-03,7.894553602636544083e-04,3.149344299962901516e-04
3.464856835625892278e-02,8.534555134878105687e-01,3.790950789099542528e-02,3.969959550622922592e-03,7.894553602636544083e-04,3.149344299962901516e-04
3.464856835625892278e-02,8.534555134878105687e-01,3.790950789099542528e-02,3.969959550622922592e-03,7.894553602636544083e-04,3.149344299962901516e-04
3.464856835625892278e-02,8.534555134878105687e-01,3.790950789099542528e-02,3.969959550622922592e-03,7.894553602636544083e-04,3.149344299962901516e-04
3.146118556430988356e-03,8.496326676565973957e-01,3.809645341676148184e-02,3.985888121570350939e-03,7.735460196637221038e-04,3.149349922098769808e-04
3.146118556430988356e-03,8.496326676565973957e-01,3.809645341676148184e-02,3.985888121570350939e-03,7.735460196637221038e-04,3.149349922098769808e-04
3.146118556430988356e-03,8.496326676565973957e-01,3.809645341676148184e-02,3.985888121570350939e-03,7.735460196637221038e-04,3.149349922098769808e-04
3.146118556430988356e-03,8.496326676565973957e-01,3.809645341676148184e-02,3.985888121570350939e-03,7.735460196637221038e-04,3.149349922098769808e-04
3.146118556430988356e-03,8.496326676565973957e-01,3.809645341676148184e-02,3.985888121570350939e-03,7.735460196637221038e-04,3.149349922098769808e-04
3.146118556430988356e-03,8.496326676565973957e-01,3.809645341676148184e-02,3.985888121570350939e-03,7.735460196637221038e-04,3.149349922098769808e-04
3.146118556430988356e-03,8.496326676565973957e-01,3.809645341676148184e-02,3.985888121570350939e-03,7.735460196637221038e-04,3.149349922098769808e-04
3.146118556430988356e-03,8.496326676565973957e-01,3.809645341676148184e-02,3.985888121570350939e-03,7.735460196637221038e-04,3.149349922098769808e-04
3.146118556430988356e-03,8.496326676565973957e-01,3.809645341676148184e-02,3.985888121570350939e-03,7.735460196637221038e-04,3.149349922098769808e-04
3.146118556430988356e-03,8.496326676565973957e-01,3.809645341676148184e-02,3.985888121570350939e-03,7.735460196637221038e-04,3.149349922098769808e-04
3.146118556430988356e-03,8.496326676565973957e-01,3.809645341676148184e-02,3.985888121570350939e-03,7.735460196637221038e-04,3.149349922098769808e-04
3.146118556430988356e-03,8.496326676565973957e-01,3.809645341676148184e-02,3.985888121570350939e-03,7.735460196637221038e-04,3.149349922098769808e-04
3.146118556430988356e-03,8.496326676565973957e-01,3.809645341676148184e-02,3.985888121570350939e-03,7.735460196637221038e-04,3.149349922098769808e-04
3.146118556430988356e-03,8.496326676565973957e-01,3.809645341676148184e-02,3.985888121570350939e-03,7.735460196637221038e-04,3.149349922098769808e-04
3.146118556430988356e-03,8.496326676565973957e-01,3.809645341676148184e-02,3.985888121570350939e-03,7.735460196637221038e-04,3.149349922098769808e-04
-2.802571268439814703e-02,8.446563812618019806e-01,3.822794160468880043e-02,3.993833518074707718e-03,7.656079936145229791e-04,3.149353105464905065e-04
-2.802571268439814703e-02,8.446563812618019806e-01,3.822794160468880043e-02,3.993833518074707718e-03,7.656079936145229791e-04,3.149353105464905065e-04
-2.802571268439814703e-02,8.446563812618019806e-01,3.822794160468880043e-02,3.993833518074707718e-03,7.656079936145229791e-04,3.149353105464905065e-04
-2.802571268439814703e-02,8.446563812618019806e-01,3.822794160468880043e-02,3.993833518074707718e-03,7.656079936145229791e-04,3.149353105464905065e-04
-2.802571268439814703e-02,8.446563812618019806e-01,3.822794160468880043e-02,3.993833518074707718e-03,7.656079936145229791e-04,3.149353105464905065e-04
-2.802571268439814703e-02,8.446563812618019806e-01,3.822794160468880043e-02,3.993833518074707718e-03,7.656079936145229791e-04,3.149353105464905065e-04
-2.802571268439814703e-02,8.446563812618019806e-01,3.822794160468880043e-02,3.993833518074707718e-03,7.656079936145229791e-04,3.149353105464905065e-04
-2.802571268439814703e-02,8.446563812618019806e-01,3.822794160468880043e-02,3.993833518074707718e-03,7.656079936145229791e-04,3.149353105464905065e-04
-2.802571268439814703e-02,8.446563812618019806e-01,3.822794160468880043e-02,3.993833518074707718e-03,7.656079936145229791e-04,3.149353105464905065e-04
-2.802571268439814703e-02,8.446563812618019806e-01,3.822794160468880043e-02,3.993833518074707718e-03,7.656079936145229791e-04,3.149353105464905065e-04
-2.802571268439814703e-02,8.446563812618019806e-01,3.822794160468880043e-02,3.993833518074707718e-03,7.656079936145229791e-04,3.149353105464905065e-04
-2.802571268439814703e-02,8.446563812618019806e-01,3.822794160468880043e-02,3.993833518074707718e-03,7.656079936145229791e-04,3.149353105464905065e-04
-2.802571268439814703e-02,8.446563812618019806e-01,3.822794160468880043e-02,3.993833518074707718e-03,7.656079936145229791e-04,3.149353105464905065e-04
-2.802571268439814703e-02,8.446563812618019806e-01,3.822794160468880043e-02,3.993833518074707718e-03,7.656079936145229791e-04,3.149353105464905065e-04
-2.802571268439814703e-02,8.446563812618019806e-01,3.822794160468880043e-02,3.993833518074707718e-03,7.656079936145229791e-04,3.149353105464905065e-04
-5.882673785610983974e-02,8.385455318233300259e-01,3.830432107955147880e-02,3.993775340777373957e-03,7.656699331849076747e-04,3.149357433095797596e-04
-5.882673785610983974e-02,8.385455318233300259e-01,3.830432107955147880e-02,3.993775340777373957e-03,7.656699331849076747e-04,3.149357433095797596e-04
-5.882673785610983974e-02,8.385455318233300259e-01,3.830432107955147880e-02,3.993775340777373957e-03,7.656699331849076747e-04,3.149357433095797596e-04
-5.882673785610983974e-02,8.385455318233300259e-01,3.830432107955147880e-02,3.993775340777373957e-03,7.656699331849076747e-04,3.149357433095797596e-04
-5.882673785610983974e-02,8.385455318233300259e-01,3.830432107955147880e-02,3.993775340777373957e-03,7.656699331849076747e-04,3.149357433095797596e-04
-5.882673785610983974e-02,8.385455318233300259e-01,3.830432107955147880e-02,3.993775340777373957e-03,7.656699331849076747e-04,3.149357433095797596e-04
-5.882673785610983974e-02,8.385455318233300259e-01,3.830432107955147880e-02,3.993775340777373957e-03,7.656699331849076747e-04,3.149357433095797596e-04
-5.882673785610983974e-02,8.385455318233300259e-01,3.830432107955147880e-02,3.993775340777373957e-03,7.656699331849076747e-04,3.149357433095797596e-04
-5.882673785610983974e-02,8.385455318233300259e-01,3.830432107955147880e-02,3.993775340777373957e-03,7.656699331849076747e-04,3.149357433095797596e-04
-5.882673785610983974e-02,8.385455318233300259e-01,3.830432107955147880e-02,3.993775340777373957e-03,7.656699331849076747e-04,3.149357433095797596e-04
-5.882673785610983974e-02,8.385455318233300259e-01,3.830432107955147880e-02,3.993775340777373957e-03,7.656699331849076747e-04,3.149357433095797596e-04
-5.882673785610983974e-02,8.385455318233300259e-01,3.830432107955147880e-02,3.993775340777373957e-03,7.656699331849076747e-04,3.149357433095797596e-04
-5.882673785610983974e-02,8.385455318233300259e-01,3.830432107955147880e-02,3.993775340777373957e-03,7.656699331849076747e-04,3.149357433095797596e-04
-5.882673785610983974e-02,8.385455318233300259e-01,3.830432107955147880e-02,3.993775340777373957e-03,7.656699331849076747e-04,3.149357433095797596e-04
-5.882673785610983974e-02,8.385455318233300259e-01,3.830432107955147880e-02,3.993775340777373957e-03,7.656699331849076747e-04,3.149357433095797596e-04
-8.921670964189661046e-02,8.313205015698500455e-01,3.832603748934071408e-02,3.985725939618487042e-03,7.737238357162453707e-04,3.149367623002629333e-04
-8.921670964189661046e-02,8.313205015698500455e-01,3.832603748934071408e-02,3.985725939618487042e-03,7.737238357162453707e-04,3.149367623002629333e-04
-8.921670964189661046e-02,8.313205015698500455e-01,3.832603748934071408e-02,3.985725939618487042e-03,7.737238357162453707e-04,3.149367623002629333e-04
-8.921670964189661046e-02,8.313205015698500455e-01,3.832603748934071408e-02,3.985725939618487042e-03,7.737238357162453707e-04,3.149367623002629333e-04
-8.921670964189661046e-02,8.313205015698500455e-01,3.832603748934071408e-02,3.985725939618487042e-03,7.737238357162453707e-04,3.149367623002629333e-04
-8.921670964189661046e-02,8.313205015698500455e-01,3.832603748934071408e-02,3.985725939618487042e-03,7.737238357162453707e-04,3.149367623002629333e-04
-8.921670964189661046e-02,8.313205015698500455e-01,3.832603748934071408e-02,3.985725939618487042e-03,7.737238357162453707e-04,3.149367623002629333e-04
-8.921670964189661046e-02,8.313205015698500455e-01,3.832603748934071408e-02,3.985725939618487042e-03,7.737238357162453707e-04,3.149367623002629333e-04
-8.921670964189661046e-02,8.313205015698500455e-01,3.832603748934071408e-02,3.985725939618487042e-03,7.737238357162453707e-04,3.149367623002629333e-04
-8.921670964189661046e-02,8.313205015698500455e-01,3.832603748934071408e-02,3.985725939618487042e-03,7.737238357162453707e-04,3.149367623002629333e-04
-8.921670964189661046e-02,8.313205015698500455e-01,3.832603748934071408e-02,3.985725939618487042e-03,7.737238357162453707e-04,3.149367623002629333e-04
-8.921670964189661046e-02,8.313205015698500455e-01,3.832603748934071408e-02,3.985725939618487042e-03,7.737238357162453707e-04,3.149367623002629333e-04
-8.921670964189661046e-02,8.313205015698500455e-01,3.832603748934071408e-02,3.985725939618487042e-03,7.737238357162453707e-04,3.149367623002629333e-04
-8.921670964189661046e-02,8.313205015698500455e-01,3.832603748934071408e-02,3.985725939618487042e-03,7.737238357162453707e-04,3.149367623002629333e-04
-8.921670964189661046e-02,8.313205015698500455e-01,3.832603748934071408e-02,3.985725939618487042e-03,7.737238357162453707e-04,3.149367623002629333e-04
-1.191561540169044919e-01,8.230030887357689950e-01,3.829362951679073090e-02,3.969734812202792805e-03,7.897249671199866369e-04,3.149393996953916129e-04
-1.191561540169044919e-01,8.230030887357689950e-01,3.829362951679073090e-02,3.969734812202792805e-03,7.897249671199866369e-04,3.149393996953916129e-04
-1.191561540169044919e-01,8.230030887357689950e-01,3.829362951679073090e-02,3.969734812202792805e-03,7.897249671199866369e-04,3.149393996953916129e-04
-1.191561540169044919e-01,8.230030887357689950e-01,3.829362951679073090e-02,3.969734812202792805e-03,7.897249671199866369e-04,3.149393996953916129e-04
-1.191561540169044919e-01,8.230030887357689950e-01,3.829362951679073090e-02,3.969734812202792805e-03,7.897249671199866369e-04,3.149393996953916129e-04
-1.191561540169044919e-01,8.230030887357689950e-01,3.829362951679073090e-02,3.969734812202792805e-03,7.897249671199866369e-04,3.149393996953916129e-04
-1.191561540169044919e-01,8.230030887357689950e-01,3.829362951679073090e-02,3.969734812202792805e-03,7.897249671199866369e-04,3.149393996953916129e-04
-1.191561540169044919e-01,8.230030887357689950e-01,3.829362951679073090e-02,3.969734812202792805e-03,7.897249671199866369e-04,3.149393996953916129e-04
-1.191561540169044919e-01,8.230030887357689950e-01,3.829362951679073090e-02,3.969734812202792805e-03,7.897249671199866369e-04,3.149393996953916129e-04
-1.191561540169044919e-01,8.230030887357689950e-01,3.829362951679073090e-02,3.969734812202792805e-03,7.897249671199866369e-04,3.149393996953916129e-04
-1.191561540169044919e-01,8.230030887357689950e-01,3.829362951679073090e-02,3.969734812202792805e-03,7.897249671199866369e-04,3.149393996953916129e-04
-1.191561540169044919e-01,8.230030887357689950e-01,3.829362951679073090e-02,3.969734812202792805e-03,7.897249671199866369e-04,3.149393996953916129e-04
-1.191561540169044919e-01,8.230030887357689950e-01,3.829362951679073090e-02,3.969734812202792805e-03,7.897249671199866369e-04,3.149393996953916129e-04
-1.191561540169044919e-01,8.230030887357689950e-01,3.829362951679073090e-02,3.969734812202792805e-03,7.897249671199866369e-04,3.149393996953916129e-04
-1.191561540169044919e-01,8.230030887357689950e-01,3.829362951679073090e-02,3.969734812202792805e-03,7.897249671199866369e-04,3.149393996953916129e-04
-1.486069830670252723e-01,8.136163186814336923e-01,3.820773414994087930e-02,3.945891775205845678e-03,8.135930867663929405e-04,3.149461526474386106e-04
-1.486069830670252723e-01,8.136163186814336923e-01,3.820773414994087930e-02,3.945891775205845678e-03,8.135930867663929405e-04,3.149461526474386106e-04
-1.486069830670252723e-01,8.136163186814336923e-01,3.820773414994087930e-02,3.945891775205845678e-03,8.135930867663929405e-04,3.149461526474386106e-04
-1.486069830670252723e-01,8.136163186814336923e-01,3.820773414994087930e-02,3.945891775205845678e-03,8.135930867663929405e-04,3.149461526474386106e-04
-1.486069830670252723e-01,8.136163186814336923e-01,3.820773414994087930e-02,3.945891775205845678e-03,8.135930867663929405e-04,3.149461526474386106e-04
-1.486069830670252723e-01,8.136163186814336923e-01,3.820773414994087930e-02,3.945891775205845678e-03,8.135930867663929405e-04,3.149461526474386106e-04
-1.486069830670252723e-01,8.136163186814336923e-01,3.820773414994087930e-02,3.945891775205845678e-03,8.135930867663929405e-04,3.149461526474386106e-04
-1.486069830670252723e-01,8.136163186814336923e-01,3.820773414994087930e-02,3.945891775205845678e-03,8.135930867663929405e-04,3.149461526474386106e-04
-1.486069830670252723e-01,8.136163186814336923e-01,3.820773414994087930e-02,3.945891775205845678e-03,8.135930867663929405e-04,3.149461526474386106e-04
-1.486069830670252723e-01,8.136163186814336923e-01,3.820773414994087930e-02,3.945891775205845678e-03,8.135930867663929405e-04,3.149461526474386106e-04
-1.486069830670252723e-01,8.136163186814336923e-01,3.820773414994087930e-02,3.945891775205845678e-03,8.135930867663929405e-04,3.149461526474386106e-04
-1.486069830670252723e-01,8.136163186814336923e-01,3.820773414994087930e-02,3.945891775205845678e-03,8.135930867663929405e-04,3.149461526474386106e-04
-1.486069830670252723e-01,8.136163186814336923e-01,3.820773414994087930e-02,3.945891775205845678e-03,8.135930867663929405e-04,3.149461526474386106e-04
-1.486069830670252723e-01,8.136163186814336923e-01,3.820773414994087930e-02,3.945891775205845678e-03,8.135930867663929405e-04,3.149461526474386106e-04
-1.486069830670252723e-01,8.136163186814336923e-01,3.820773414994087930e-02,3.945891775205845678e-03,8.135930867663929405e-04,3.149461526474386106e-04
-1.775332568369901998e-01,8.031840640262443154e-01,3.806910521994034263e-02,3.914331481488300679e-03,8.452158292944222679e-04,3.149630097018417331e-04
-1.775332568369901998e-01,8.031840640262443154e-01,3.806910521994034263e-02,3.914331481488300679e-03,8.452158292944222679e-04,3.149630097018417331e-04
-1.775332568369901998e-01,8.031840640262443154e-01,3.806910521994034263e-02,3.914331481488300679e-03,8.452158292944222679e-04,3.149630097018417331e-04
-1.775332568369901998e-01,8.031840640262443154e-01,3.806910521994034263e-02,3.914331481488300679e-03,8.452158292944222679e-04,3.149630097018417331e-04
-1.775332568369901998e-01,8.031840640262443154e-01,3.806910521994034263e-02,3.914331481488300679e-03,8.452158292944222679e-04,3.149630097018417331e-04
-1.775332568369901998e-01,8.031840640262443154e-01,3.806910521994034263e-02,3.914331481488300679e-03,8.452158292944222679e-04,3.149630097018417331e-04
-1.775332568369901998e-01,8.031840640262443154e-01,3.806910521994034263e-02,3.914331481488300679e-03,8.452158292944222679e-04,3.149630097018417331e-04
-1.775332568369901998e-01,8.031840640262443154e-01,3.806910521994034263e-02,3.914331481488300679e-03,8.452158292944222679e-04,3.149630097018417331e-04
-1.775332568369901998e-01,8.031840640262443154e-01,3.806910521994034263e-02,3.914331481488300679e-03,8.452158292944222679e-04,3.149630097018417331e-04
-1.775332568369901998e-01,8.031840640262443154e-01,3.806910521994034263e-02,3.914331481488300679e-03,8.452158292944222679e-04,3.149630097018417331e-04
-1.775332568369901998e-01,8.031840640262443154e-01,3.806910521994034263e-02,3.914331481488300679e-03,8.452158292944222679e-04,3.149630097018417331e-04
-1.775332568369901998e-01,8.031840640262443154e-01,3.806910521994034263e-02,3.914331481488300679e-03,8.452158292944222679e-04,3.149630097018417331e-04
-1.775332568369901998e-01,8.031840640262443154e-01,3.806910521994034263e-02,3.914331481488300679e-03,8.452158292944222679e-04,3.149630097018417331e-04
-1.775332568369901998e-01,8.031840640262443154e-01,3.806910521994034263e-02,3.914331481488300679e-03,8.452158292944222679e-04,3.149630097018417331e-04
-1.775332568369901998e-01,8.031840640262443154e-01,3.806910521994034263e-02,3.914331481488300679e-03,8.452158292944222679e-04,3.149630097018417331e-04
-2.058897878108944535e-01,7.917335835600844973e-01,3.787800499677728555e-02,3.875260904899185694e-03,8.844380529226157032e-04,3.150039568525470719e-04
-2.058897878108944535e-01,7.917335835600844973e-01,3.787800499677728555e-02,3.875260904899185694e-03,8.844380529226157032e-04,3.150039568525470719e-04
-2.058897878108944535e-01,7.917335835600844973e-01,3.787800499677728555e-02,3.875260904899185694e-03,8.844380529226157032e-04,3.150039568525470719e-04
-2.058897878108944535e-01,7.917335835600844973e-01,3.787800499677728555e-02,3.875260904899185694e-03,8.844380529226157032e-04,3.150039568525470719e-04
-2.058897878108944535e-01,7.917335835600844973e-01,3.787800499677728555e-02,3.875260904899185694e-03,8.844380529226157032e-04,3.150039568525470719e-04
-2.058897878108944535e-01,7.917335835600844973e-01,3.787800499677728555e-02,3.875260904899185694e-03,8.844380529226157032e-04,3.150039568525470719e-04
-2.058897878108944535e-01,7.917335835600844973e-01,3.787800499677728555e-02,3.875260904899185694e-03,8.844380529226157032e-04,3.150039568525470719e-04
-2.058897878108944535e-01,7.917335835600844973e-01,3.787800499677728555e-02,3.875260904899185694e-03,8.844380529226157032e-04,3.150039568525470719e-04
-2.058897878108944535e-01,7.917335835600844973e-01,3.787800499677728555e-02,3.875260904899185694e-03,8.844380529226157032e-04,3.150039568525470719e-04
-2.058897878108944535e-01,7.917335835600844973e-01,3.787800499677728555e-02,3.875260904899185694e-03,8.844380529226157032e-04,3.150039568525470719e-04
-2.058897878108944535e-01,7.917335835600844973e-01,3.787800499677728555e-02,3.875260904899185694e-03,8.844380529226157032e-04,3.150039568525470719e-04
-2.058897878108944535e-01,7.917335835600844973e-01,3.787800499677728555e-02,3.875260904899185694e-03,8.844380529226157032e-04,3.150039568525470719e-04
-2.058897878108944535e-01,7.917335835600844973e-01,3.787800499677728555e-02,3.875260904899185694e-03,8.844380529226157032e-04,3.150039568525470719e-04
-2.058897878108944535e-01,7.917335835600844973e-01,3.787800499677728555e-02,3.875260904899185694e-03,8.844380529226157032e-04,3.150039568525470719e-04
-2.058897878108944535e-01,7.917335835600844973e-01,3.787800499677728555e-02,3.875260904899185694e-03,8.844380529226157032e-04,3.150039568525470719e-04
-2.336592788672829379e-01,7.792858828026419937e-01,3.763608943984669830e-02,3.828933922207882184e-03,9.311233684030839272e-04,3.151007166940330206e-04
-2.336592788672829379e-01,7.792858828026419937e-01,3.763608943984669830e-02,3.828933922207882184e-03,9.311233684030839272e-04,3.151007166940330206e-04
-2.336592788672829379e-01,7.792858828026419937e-01,3.763608943984669830e-02,3.828933922207882184e-03,9.311233684030839272e-04,3.151007166940330206e-04
-2.336592788672829379e-01,7.792858828026419937e-01,3.763608943984669830e-02,3.828933922207882184e-03,9.311233684030839272e-04,3.151007166940330206e-04
-2.336592788672829379e-01,7.792858828026419937e-01,3.763608943984669830e-02,3.828933922207882184e-03,9.311233684030839272e-04,3.151007166940330206e-04
-2.336592788672829379e-01,7.792858828026419937e-01,3.763608943984669830e-02,3.828933922207882184e-03,9.311233684030839272e-04,3.151007166940330206e-04
-2.336592788672829379e-01,7.792858828026419937e-01,3.763608943984669830e-02,3.828933922207882184e-03,9.311233684030839272e-04,3.151007166940330206e-04
-2.336592788672829379e-01,7.792858828026419937e-01,3.763608943984669830e-02,3.828933922207882184e-03,9.311233684030839272e-04,3.151007166940330206e-04
-2.336592788672829379e-01,7.792858828026419937e-01,3.763608943984669830e-02,3.828933922207882184e-03,9.311233684030839272e-04,3.151007166940330206e-04
-2.336592788672829379e-01,7.792858828026419937e-01,3.763608943984669830e-02,3.828933922207882184e-03,9.311233684030839272e-04,3.151007166940330206e-04
-2.336592788672829379e-01,7.792858828026419937e-01,3.763608943984669830e-02,3.828933922207882184e-03,9.311233684030839272e-04,3.151007166940330206e-04
-2.336592788672829379e-01,7.792858828026419937e-01,3.763608943984669830e-02,3.828933922207882184e-03,9.311233684030839272e-04,3.151007166940330206e-04
-2.336592788672829379e-01,7.792858828026419937e-01,3.763608943984669830e-02,3.828933922207882184e-03,9.311233684030839272e-04,3.151007166940330206e-04
-2.336592788672829379e-01,7.792858828026419937e-01,3.763608943984669830e-02,3.828933922207882184e-03,9.311233684030839272e-04,3.151007166940330206e-04
-2.336592788672829379e-01,7.792858828026419937e-01,3.763608943984669830e-02,3.828933922207882184e-03,9.311233684030839272e-04,3.151007166940330206e-04
-2.608104237362620093e-01,7.658638116083321679e-01,3.734417349105870892e-02,3.775749286997714775e-03,9.851316449914174645e-04,3.153231238571042091e-04
-2.608104237362620093e-01,7.658638116083321679e-01,3.734417349105870892e-02,3.775749286997714775e-03,9.851316449914174645e-04,3.153231238571042091e-04
-2.608104237362620093e-01,7.658638116083321679e-01,3.734417349105870892e-02,3.775749286997714775e-03,9.851316449914174645e-04,3.153231238571042091e-04
-2.608104237362620093e-01,7.658638116083321679e-01,3.734417349105870892e-02,3.775749286997714775e-03,9.851316449914174645e-04,3.153231238571042091e-04
-2.608104237362620093e-01,7.658638116083321679e-01,3.734417349105870892e-02,3.775749286997714775e-03,9.851316449914174645e-04,3.153231238571042091e-04
-2.608104237362620093e-01,7.658638116083321679e-01,3.734417349105870892e-02,3.775749286997714775e-03,9.851316449914174645e-04,3.153231238571042091e-04
-2.608104237362620093e-01,7.658638116083321679e-01,3.734417349105870892e-02,3.775749286997714775e-03,9.851316449914174645e-04,3.153231238571042091e-04
-2.608104237362620093e-01,7.658638116083321679e-01,3.734417349105870892e-02,3.775749286997714775e-03,9.851316449914174645e-04,3.153231238571042091e-04
-2.608104237362620093e-01,7.658638116083321679e-01,3.734417349105870892e-02,3.775749286997714775e-03,9.851316449914174645e-04,3.153231238571042091e-04
-2.608104237362620093e-01,7.658638116083321679e-01,3.734417349105870892e-02,3.775749286997714775e-03,9.851316449914174645e-04,3.153231238571042091e-04
-2.608104237362620093e-01,7.658638116083321679e-01,3.734417349105870892e-02,3.775749286997714775e-03,9.851316449914174645e-04,3.153231238571042091e-04
-2.608104237362620093e-01,7.658638116083321679e-01,3.734417349105870892e-02,3.775749286997714775e-03,9.851316449914174645e-04,3.153231238571042091e-04
-2.608104237362620093e-01,7.658638116083321679e-01,3.734417349105870892e-02,3.775749286997714775e-03,9.851316449914174645e-04,3.153231238571042091e-04
-2.608104237362620093e-01,7.658638116083321679e-01,3.734417349105870892e-02,3.775749286997714775e-03,9.851316449914174645e-04,3.153231238571042091e-04
-2.608104237362620093e-01,7.658638116083321679e-01,3.734417349105870892e-02,3.775749286997714775e-03,9.851316449914174645e-04,3.153231238571042091e-04
-2.873263945948872911e-01,7.514823157971696199e-01,3.700362331936249416e-02,3.716301227737747043e-03,1.046420988366515313e-03,3.158203244765578951e-04
-2.873263945948872911e-01,7.514823157971696199e-01,3.700362331936249416e-02,3.716301227737747043e-03,1.046420988366515313e-03,3.158203244765578951e-04
-2.873263945948872911e-01,7.514823157971696199e-01,3.700362331936249416e-02,3.716301227737747043e-03,1.046420988366515313e-03,3.158203244765578951e-04
-2.873263945948872911e-01,7.514823157971696199e-01,3.700362331936249416e-02,3.716301227737747043e-03,1.046420988366515313e-03,3.158203244765578951e-04
-2.873263945948872911e-01,7.514823157971696199e-01,3.700362331936249416e-02,3.716301227737747043e-03,1.046420988366515313e-03,3.158203244765578951e-04
-2.873263945948872911e-01,7.514823157971696199e-01,3.700362331936249416e-02,3.716301227737747043e-03,1.046420988366515313e-03,3.158203244765578951e-04
-2.873263945948872911e-01,7.514823157971696199e-01,3.700362331936249416e-02,3.716301227737747043e-03,1.046420988366515313e-03,3.158203244765578951e-04
-2.873263945948872911e-01,7.514823157971696199e-01,3.700362331936249416e-02,3.716301227737747043e-03,1.046420988366515313e-03,3.158203244765578951e-04
-2.873263945948872911e-01,7.514823157971696199e-01,3.700362331936249416e-02,3.716301227737747043e-03,1.046420988366515313e-03,3.158203244765578951e-04
-2.873263945948872911e-01,7.514823157971696199e-01,3.700362331936249416e-02,3.716301227737747043e-03,1.046420988366515313e-03,3.158203244765578951e-04
-2.873263945948872911e-01,7.514823157971696199e-01,3.700362331936249416e-02,3.716301227737747043e-03,1.046420988366515313e-03,3.158203244765578951e-04
-2.873263945948872911e-01,7.514823157971696199e-01,3.700362331936249416e-02,3.716301227737747043e-03,1.046420988366515313e-03,3.158203244765578951e-04
-2.873263945948872911e-01,7.514823157971696199e-01,3.700362331936249416e-02,3.716301227737747043e-03,1.046420988366515313e-03,3.158203244765578951e-04
-2.873263945948872911e-01,7.514823157971696199e-01,3.700362331936249416e-02,3.716301227737747043e-03,1.046420988366515313e-03,3.158203244765578951e-04
-2.873263945948872911e-01,7.514823157971696199e-01,3.700362331936249416e-02,3.716301227737747043e-03,1.046420988366515313e-03,3.158203244765578951e-04
-3.132052465000750296e-01,7.361419631752497139e-01,3.661624994499974167e-02,3.651532572385180354e-03,1.115192321350177464e-03,3.169011646968126323e-04
-3.132052465000750296e-01,7.361419631752497139e-01,3.661624994499974167e-02,3.651532572385180354e-03,1.115192321350177464e-03,3.169011646968126323e-04
-3.132052465000750296e-01,7.361419631752497139e-01,3.661624994499974167e-02,3.651532572385180354e-03,1.115192321350177464e-03,3.169011646968126323e-04
-3.132052465000750296e-01,7.361419631752497139e-01,3.661624994499974167e-02,3.651532572385180354e-03,1.115192321350177464e-03,3.169011646968126323e-04
-3.132052465000750296e-01,7.361419631752497139e-01,3.661624994499974167e-02,3.651532572385180354e-03,1.115192321350177464e-03,3.169011646968126323e-04
-3.132052465000750296e-01,7.361419631752497139e-01,3.661624994499974167e-02,3.651532572385180354e-03,1.115192321350177464e-03,3.169011646968126323e-04
-3.132052465000750296e-01,7.361419631752497139e-01,3.661624994499974167e-02,3.651532572385180354e-03,1.115192321350177464e-03,3.169011646968126323e-04
-3.132052465000750296e-01,7.361419631752497139e-01,3.661624994499974167e-02,3.651532572385180354e-03,1.115192321350177464e-03,3.169011646968126323e-04
-3.132052465000750296e-01,7.361419631752497139e-01,3.661624994499974167e-02,3.651532572385180354e-03,1.115192321350177464e-03,3.169011646968126323e-04
-3.132052465000750296e-01,7.361419631752497139e-01,3.661624994499974167e-02,3.651532572385180354e-03,1.115192321350177464e-03,3.169011646968126323e-04
-3.132052465000750296e-01,7.361419631752497139e-01,3.661624994499974167e-02,3.651532572385180354e-03,1.115192321350177464e-03,3.169011646968126323e-04
-3.132052465000750296e-01,7.361419631752497139e-01,3.661624994499974167e-02,3.651532572385180354e-03,1.115192321350177464e-03,3.169011646968126323e-04
-3.132052465000750296e-01,7.361419631752497139e-01,3.661624994499974167e-02,3.651532572385180354e-03,1.115192321350177464e-03,3.169011646968126323e-04
-3.132052465000750296e-01,7.361419631752497139e-01,3.661624994499974167e-02,3.651532572385180354e-03,1.115192321350177464e-03,3.169011646968126323e-04
-3.132052465000750296e-01,7.361419631752497139e-01,3.661624994499974167e-02,3.651532572385180354e-03,1.115192321350177464e-03,3.169011646968126323e-04
-3.381913882351825218e-01,7.202437104065481099e-01,3.616853814588523452e-02,3.570046261171842296e-03,1.186746689452169642e-03,3.147132256379467970e-04
-3.381913882351825218e-01,7.202437104065481099e-01,3.616853814588523452e-02,3.570046261171842296e-03,1.186746689452169642e-03,3.147132256379467970e-04
-3.381913882351825218e-01,7.202437104065481099e-01,3.616853814588523452e-02,3.570046261171842296e-03,1.186746689452169642e-03,3.147132256379467970e-04
-3.381913882351825218e-01,7.202437104065481099e-01,3.616853814588523452e-02,3.570046261171842296e-03,1.186746689452169642e-03,3.147132256379467970e-04
-3.381913882351825218e-01,7.202437104065481099e-01,3.616853814588523452e-02,3.570046261171842296e-03,1.186746689452169642e-03,3.147132256379467970e-04
-3.381913882351825218e-01,7.202437104065481099e-01,3.616853814588523452e-02,3.570046261171842296e-03,1.186746689452169642e-03,3.147132256379467970e-04
-3.381913882351825218e-01,7.202437104065481099e-01,3.616853814588523452e-02,3.570046261171842296e-03,1.186746689452169642e-03,3.147132256379467970e-04
-3.381913882351825218e-01,7.202437104065481099e-01,3.616853814588523452e-02,3.570046261171842296e-03,1.186746689452169642e-03,3.147132256379467970e-04
-3.381913882351825218e-01,7.202437104065481099e-01,3.616853814588523452e-02,3.570046261171842296e-03,1.186746689452169642e-03,3.147132256379467970e-04
-3.381913882351825218e-01,7.202437104065481099e-01,3.616853814588523452e-02,3.570046261171842296e-03,1.186746689452169642e-03,3.147132256379467970e-04
-3.381913882351825218e-01,7.202437104065481099e-01,3.616853814588523452e-02,3.570046261171842296e-03,1.186746689452169642e-03,3.147132256379467970e-04
-3.381913882351825218e-01,7.202437104065481099e-01,3.616853814588523452e-02,3.570046261171842296e-03,1.186746689452169642e-03,3.147132256379467970e-04
-3.381913882351825218e-01,7.202437104065481099e-01,3.616853814588523452e-02,3.570046261171842296e-03,1.186746689452169642e-03,3.147132256379467970e-04
-3.381913882351825218e-01,7.202437104065481099e-01,3.616853814588523452e-02,3.570046261171842296e-03,1.186746689452169642e-03,3.147132256379467970e-04
-3.381913882351825218e-01,7.202437104065481099e-01,3.616853814588523452e-02,3.570046261171842296e-03,1.186746689452169642e-03,3.147132256379467970e-04
-3.626569035228611182e-01,7.032974834907934625e-01,3.568242719770159388e-02,3.487233001248608594e-03,1.266634573810232825e-03,3.144683075861730965e-04
-3.626569035228611182e-01,7.032974834907934625e-01,3.568242719770159388e-02,3.487233001248608594e-03,1.266634573810232825e-03,3.144683075861730965e-04
-3.626569035228611182e-01,7.032974834907934625e-01,3.568242719770159388e-02,3.487233001248608594e-03,1.266634573810232825e-03,3.144683075861730965e-04
-3.626569035228611182e-01,7.032974834907934625e-01,3.568242719770159388e-02,3.487233001248608594e-03,1.266634573810232825e-03,3.144683075861730965e-04
-3.626569035228611182e-01,7.032974834907934625e-01,3.568242719770159388e-02,3.487233001248608594e-03,1.266634573810232825e-03,3.144683075861730965e-04
-3.626569035228611182e-01,7.032974834907934625e-01,3.568242719770159388e-02,3.487233001248608594e-03,1.266634573810232825e-03,3.144683075861730965e-04
-3.626569035228611182e-01,7.032974834907934625e-01,3.568242719770159388e-02,3.487233001248608594e-03,1.266634573810232825e-03,3.144683075861730965e-04
-3.626569035228611182e-01,7.032974834907934625e-01,3.568242719770159388e-02,3.487233001248608594e-03,1.266634573810232825e-03,3.144683075861730965e-04
-3.626569035228611182e-01,7.032974834907934625e-01,3.568242719770159388e-02,3.487233001248608594e-03,1.266634573810232825e-03,3.144683075861730965e-04
-3.626569035228611182e-01,7.032974834907934625e-01,3.568242719770159388e-02,3.487233001248608594e-03,1.266634573810232825e-03,3.144683075861730965e-04
-3.626569035228611182e-01,7.032974834907934625e-01,3.568242719770159388e-02,3.487233001248608594e-03,1.266634573810232825e-03,3.144683075861730965e-04
-3.626569035228611182e-01,7.032974834907934625e-01,3.568242719770159388e-02,3.487233001248608594e-03,1.266634573810232825e-03,3.144683075861730965e-04
-3.626569035228611182e-01,7.032974834907934625e-01,3.568242719770159388e-02,3.487233001248608594e-03,1.266634573810232825e-03,3.144683075861730965e-04
-3.626569035228611182e-01,7.032974834907934625e-01,3.568242719770159388e-02,3.487233001248608594e-03,1.266634573810232825e-03,3.144683075861730965e-04
-3.626569035228611182e-01,7.032974834907934625e-01,3.568242719770159388e-02,3.487233001248608594e-03,1.266634573810232825e-03,3.144683075861730965e-04
-3.865002394877046221e-01,6.855252987207599569e-01,3.515164431454926436e-02,3.395842184835988573e-03,1.352196518446347438e-03,3.139803032669141844e-04
-3.865002394877046221e-01,6.855252987207599569e-01,3.515164431454926436e-02,3.395842184835988573e-03,1.352196518446347438e-03,3.139803032669141844e-04
-3.865002394877046221e-01,6.855252987207599569e-01,3.515164431454926436e-02,3.395842184835988573e-03,1.352196518446347438e-03,3.139803032669141844e-04
-3.865002394877046221e-01,6.855252987207599569e-01,3.515164431454926436e-02,3.395842184835988573e-03,1.352196518446347438e-03,3.139803032669141844e-04
-3.865002394877046221e-01,6.855252987207599569e-01,3.515164431454926436e-02,3.395842184835988573e-03,1.352196518446347438e-03,3.139803032669141844e-04
-3.865002394877046221e-01,6.855252987207599569e-01,3.515164431454926436e-02,3.395842184835988573e-03,1.352196518446347438e-03,3.139803032669141844e-04
-3.865002394877046221e-01,6.855252987207599569e-01,3.515164431454926436e-02,3.395842184835988573e-03,1.352196518446347438e-03,3.139803032669141844e-04
-3.865002394877046221e-01,6.855252987207599569e-01,3.515164431454926436e-02,3.395842184835988573e-03,1.352196518446347438e-03,3.139803032669141844e-04
-3.865002394877046221e-01,6.855252987207599569e-01,3.515164431454926436e-02,3.395842184835988573e-03,1.352196518446347438e-03,3.139803032669141844e-04
-3.865002394877046221e-01,6.855252987207599569e-01,3.515164431454926436e-02,3.395842184835988573e-03,1.352196518446347438e-03,3.139803032669141844e-04
-3.865002394877046221e-01,6.855252987207599569e-01,3.515164431454926436e-02,3.395842184835988573e-03,1.352196518446347438e-03,3.139803032669141844e-04
-3.865002394877046221e-01,6.855252987207599569e-01,3.515164431454926436e-02,3.395842184835988573e-03,1.352196518446347438e-03,3.139803032669141844e-04
-3.865002394877046221e-01,6.855252987207599569e-01,3.515164431454926436e-02,3.395842184835988573e-03,1.352196518446347438e-03,3.139803032669141844e-04
-3.865002394877046221e-01,6.855252987207599569e-01,3.515164431454926436e-02,3.395842184835988573e-03,1.352196518446347438e-03,3.139803032669141844e-04
-3.865002394877046221e-01,6.855252987207599569e-01,3.515164431454926436e-02,3.395842184835988573e-03,1.352196518446347438e-03,3.139803032669141844e-04
-4.098006992297064666e-01,6.669299595988589235e-01,3.458022667773279907e-02,3.293982478345655607e-03,1.442804897630274802e-03,3.130383205895902144e-04
-4.098006992297064666e-01,6.669299595988589235e-01,3.458022667773279907e-02,3.293982478345655607e-03,1.442804897630274802e-03,3.130383205895902144e-04
-4.098006992297064666e-01,6.669299595988589235e-01,3.458022667773279907e-02,3.293982478345655607e-03,1.442804897630274802e-03,3.130383205895902144e-04
-4.098006992297064666e-01,6.669299595988589235e-01,3.458022667773279907e-02,3.293982478345655607e-03,1.442804897630274802e-03,3.130383205895902144e-04
-4.098006992297064666e-01,6.669299595988589235e-01,3.458022667773279907e-02,3.293982478345655607e-03,1.442804897630274802e-03,3.130383205895902144e-04
-4.098006992297064666e-01,6.669299595988589235e-01,3.458022667773279907e-02,3.293982478345655607e-03,1.442804897630274802e-03,3.130383205895902144e-04
-4.098006992297064666e-01,6.669299595988589235e-01,3.458022667773279907e-02,3.293982478345655607e-03,1.442804897630274802e-03,3.130383205895902144e-04
-4.098006992297064666e-01,6.669299595988589235e-01,3.458022667773279907e-02,3.293982478345655607e-03,1.442804897630274802e-03,3.130383205895902144e-04
-4.098006992297064666e-01,6.669299595988589235e-01,3.458022667773279907e-02,3.293982478345655607e-03,1.442804897630274802e-03,3.130383205895902144e-04
-4.098006992297064666e-01,6.669299595988589235e-01,3.458022667773279907e-02,3.293982478345655607e-03,1.442804897630274802e-03,3.130383205895902144e-04
-4.098006992297064666e-01,6.669299595988589235e-01,3.458022667773279907e-02,3.293982478345655607e-03,1.442804897630274802e-03,3.130383205895902144e-04
-4.098006992297064666e-01,6.669299595988589235e-01,3.458022667773279907e-02,3.293982478345655607e-03,1.442804897630274802e-03,3.130383205895902144e-04
-4.098006992297064666e-01,6.669299595988589235e-01,3.458022667773279907e-02,3.293982478345655607e-03,1.442804897630274802e-03,3.130383205895902144e-04
-4.098006992297064666e-01,6.669299595988589235e-01,3.458022667773279907e-02,3.293982478345655607e-03,1.442804897630274802e-03,3.130383205895902144e-04
-4.098006992297064666e-01,6.669299595988589235e-01,3.458022667773279907e-02,3.293982478345655607e-03,1.442804897630274802e-03,3.130383205895902144e-04
-4.326789875778097594e-01,6.474866374878589514e-01,3.397669291360060073e-02,3.178520951001095798e-03,1.537293126299604795e-03,3.112823959147497884e-04
-4.326789875778097594e-01,6.474866374878589514e-01,3.397669291360060073e-02,3.178520951001095798e-03,1.537293126299604795e-03,3.112823959147497884e-04
-4.326789875778097594e-01,6.474866374878589514e-01,3.397669291360060073e-02,3.178520951001095798e-03,1.537293126299604795e-03,3.112823959147497884e-04
-4.326789875778097594e-01,6.474866374878589514e-01,3.397669291360060073e-02,3.178520951001095798e-03,1.537293126299604795e-03,3.112823959147497884e-04
-4.326789875778097594e-01,6.474866374878589514e-01,3.397669291360060073e-02,3.178520951001095798e-03,1.537293126299604795e-03,3.112823959147497884e-04
-4.326789875778097594e-01,6.474866374878589514e-01,3.397669291360060073e-02,3.178520951001095798e-03,1.537293126299604795e-03,3.112823959147497884e-04
-4.326789875778097594e-01,6.474866374878589514e-01,3.397669291360060073e-02,3.178520951001095798e-03,1.537293126299604795e-03,3.112823959147497884e-04
-4.326789875778097594e-01,6.474866374878589514e-01,3.397669291360060073e-02,3.178520951001095798e-03,1.537293126299604795e-03,3.112823959147497884e-04
-4.326789875778097594e-01,6.474866374878589514e-01,3.397669291360060073e-02,3.178520951001095798e-03,1.537293126299604795e-03,3.112823959147497884e-04
-4.326789875778097594e-01,6.474866374878589514e-01,3.397669291360060073e-02,3.178520951001095798e-03,1.537293126299604795e-03,3.112823959147497884e-04
-4.326789875778097594e-01,6.474866374878589514e-01,3.397669291360060073e-02,3.178520951001095798e-03,1.537293126299604795e-03,3.112823959147497884e-04
-4.326789875778097594e-01,6.474866374878589514e-01,3.397669291360060073e-02,3.178520951001095798e-03,1.537293126299604795e-03,3.112823959147497884e-04
-4.326789875778097594e-01,6.474866374878589514e-01,3.397669291360060073e-02,3.178520951001095798e-03,1.537293126299604795e-03,3.112823959147497884e-04
-4.326789875778097594e-01,6.474866374878589514e-01,3.397669291360060073e-02,3.178520951001095798e-03,1.537293126299604795e-03,3.112823959147497884e-04
-4.326789875778097594e-01,6.474866374878589514e-01,3.397669291360060073e-02,3.178520951001095798e-03,1.537293126299604795e-03,3.112823959147497884e-04
-4.552831184510149343e-01,6.271291668230922767e-01,3.335839661090778119e-02,3.044914818645405932e-03,1.633342617984160673e-03,3.081380824785327484e-04
-4.552831184510149343e-01,6.271291668230922767e-01,3.335839661090778119e-02,3.044914818645405932e-03,1.633342617984160673e-03,3.081380824785327484e-04
-4.552831184510149343e-01,6.271291668230922767e-01,3.335839661090778119e-02,3.044914818645405932e-03,1.633342617984160673e-03,3.081380824785327484e-04
-4.552831184510149343e-01,6.271291668230922767e-01,3.335839661090778119e-02,3.044914818645405932e-03,1.633342617984160673e-03,3.081380824785327484e-04
-4.552831184510149343e-01,6.271291668230922767e-01,3.335839661090778119e-02,3.044914818645405932e-03,1.633342617984160673e-03,3.081380824785327484e-04
-4.552831184510149343e-01,6.271291668230922767e-01,3.335839661090778119e-02,3.044914818645405932e-03,1.633342617984160673e-03,3.081380824785327484e-04
-4.552831184510149343e-01,6.271291668230922767e-01,3.335839661090778119e-02,3.044914818645405932e-03,1.633342617984160673e-03,3.081380824785327484e-04
-4.552831184510149343e-01,6.271291668230922767e-01,3.335839661090778119e-02,3.044914818645405932e-03,1.633342617984160673e-03,3.081380824785327484e-04
-4.552831184510149343e-01,6.271291668230922767e-01,3.335839661090778119e-02,3.044914818645405932e-03,1.633342617984160673e-03,3.081380824785327484e-04
-4.552831184510149343e-01,6.271291668230922767e-01,3.335839661090778119e-02,3.044914818645405932e-03,1.633342617984160673e-03,3.081380824785327484e-04
-4.552831184510149343e-01,6.271291668230922767e-01,3.335839661090778119e-02,3.044914818645405932e-03,1.633342617984160673e-03,3.081380824785327484e-04
-4.552831184510149343e-01,6.271291668230922767e-01,3.335839661090778119e-02,3.044914818645405932e-03,1.633342617984160673e-03,3.081380824785327484e-04
-4.552831184510149343e-01,6.271291668230922767e-01,3.335839661090778119e-02,3.044914818645405932e-03,1.633342617984160673e-03,3.081380824785327484e-04
-4.552831184510149343e-01,6.271291668230922767e-01,3.335839661090778119e-02,3.044914818645405932e-03,1.633342617984160673e-03,3.081380824785327484e-04
-4.552831184510149343e-01,6.271291668230922767e-01,3.335839661090778119e-02,3.044914818645405932e-03,1.633342617984160673e-03,3.081380824785327484e-04
-4.777344106718452998e-01,6.057429490653980508e-01,3.275793785822833648e-02,2.887700963754274291e-03,1.726487199325579987e-03,3.027740825536577693e-04
-4.777344106718452998e-01,6.057429490653980508e-01,3.275793785822833648e-02,2.887700963754274291e-03,1.726487199325579987e-03,3.027740825536577693e-04
-4.777344106718452998e-01,6.057429490653980508e-01,3.275793785822833648e-02,2.887700963754274291e-03,1.726487199325579987e-03,3.027740825536577693e-04
-4.777344106718452998e-01,6.057429490653980508e-01,3.275793785822833648e-02,2.887700963754274291e-03,1.726487199325579987e-03,3.027740825536577693e-04
-4.777344106718452998e-01,6.057429490653980508e-01,3.275793785822833648e-02,2.887700963754274291e-03,1.726487199325579987e-03,3.027740825536577693e-04
-4.777344106718452998e-01,6.057429490653980508e-01,3.275793785822833648e-02,2.887700963754274291e-03,1.726487199325579987e-03,3.027740825536577693e-04
-4.777344106718452998e-01,6.057429490653980508e-01,3.275793785822833648e-02,2.887700963754274291e-03,1.726487199325579987e-03,3.027740825536577693e-04
-4.777344106718452998e-01,6.057429490653980508e-01,3.275793785822833648e-02,2.887700963754274291e-03,1.726487199325579987e-03,3.027740825536577693e-04
-4.777344106718452998e-01,6.057429490653980508e-01,3.275793785822833648e-02,2.887700963754274291e-03,1.726487199325579987e-03,3.027740825536577693e-04
-4.777344106718452998e-01,6.057429490653980508e-01,3.275793785822833648e-02,2.887700963754274291e-03,1.726487199325579987e-03,3.027740825536577693e-04
-4.777344106718452998e-01,6.057429490653980508e-01,3.275793785822833648e-02,2.887700963754274291e-03,1.726487199325579987e-03,3.027740825536577693e-04
-4.777344106718452998e-01,6.057429490653980508e-01,3.275793785822833648e-02,2.887700963754274291e-03,1.726487199325579987e-03,3.027740825536577693e-04
-4.777344106718452998e-01,6.057429490653980508e-01,3.275793785822833648e-02,2.887700963754274291e-03,1.726487199325579987e-03,3.027740825536577693e-04
-4.777344106718452998e-01,6.057429490653980508e-01,3.275793785822833648e-02,2.887700963754274291e-03,1.726487199325579987e-03,3.027740825536577693e-04
-4.777344106718452998e-01,6.057429490653980508e-01,3.275793785822833648e-02,2.887700963754274291e-03,1.726487199325579987e-03,3.027740825536577693e-04
-5.000096249720199504e-01,5.831849079509071609e-01,3.222973095780018449e-02,2.702380030617301549e-03,1.808947872860553786e-03,2.941624353784494318e-04
-5.000096249720199504e-01,5.831849079509071609e-01,3.222973095780018449e-02,2.702380030617301549e-03,1.808947872860553786e-03,2.941624353784494318e-04
-5.000096249720199504e-01,5.831849079509071609e-01,3.222973095780018449e-02,2.702380030617301549e-03,1.808947872860553786e-03,2.941624353784494318e-04
-5.000096249720199504e-01,5.831849079509071609e-01,3.222973095780018449e-02,2.702380030617301549e-03,1.808947872860553786e-03,2.941624353784494318e-04
-5.000096249720199504e-01,5.831849079509071609e-01,3.222973095780018449e-02,2.702380030617301549e-03,1.808947872860553786e-03,2.941624353784494318e-04
-5.000096249720199504e-01,5.831849079509071609e-01,3.222973095780018449e-02,2.702380030617301549e-03,1.808947872860553786e-03,2.941624353784494318e-04
-5.000096249720199504e-01,5.831849079509071609e-01,3.222973095780018449e-02,2.702380030617301549e-03,1.808947872860553786e-03,2.941624353784494318e-04
-5.000096249720199504e-01,5.831849079509071609e-01,3.222973095780018449e-02,2.702380030617301549e-03,1.808947872860553786e-03,2.941624353784494318e-04
-5.000096249720199504e-01,5.831849079509071609e-01,3.222973095780018449e-02,2.702380030617301549e-03,1.808947872860553786e-03,2.941624353784494318e-04
-5.000096249720199504e-01,5.831849079509071609e-01,3.222973095780018449e-02,2.702380030617301549e-03,1.808947872860553786e-03,2.941624353784494318e-04
-5.000096249720199504e-01,5.831849079509071609e-01,3.222973095780018449e-02,2.702380030617301549e-03,1.808947872860553786e-03,2.941624353784494318e-04
-5.000096249720199504e-01,5.831849079509071609e-01,3.222973095780018449e-02,2.702380030617301549e-03,1.808947872860553786e-03,2.941624353784494318e-04
-5.000096249720199504e-01,5.831849079509071609e-01,3.222973095780018449e-02,2.702380030617301549e-03,1.808947872860553786e-03,2.941624353784494318e-04
-5.000096249720199504e-01,5.831849079509071609e-01,3.222973095780018449e-02,2.702380030617301549e-03,1.808947872860553786e-03,2.941624353784494318e-04
-5.000096249720199504e-01,5.831849079509071609e-01,3.222973095780018449e-02,2.702380030617301549e-03,1.808947872860553786e-03,2.941624353784494318e-04
-5.217665752506162047e-01,5.593601305398885337e-01,3.185038751383599542e-02,2.489117905895987023e-03,1.869293081802575734e-03,2.813599827215528025e-04
-5.217665752506162047e-01,5.593601305398885337e-01,3.185038751383599542e-02,2.489117905895987023e-03,1.869293081802575734e-03,2.813599827215528025e-04
-5.217665752506162047e-01,5.593601305398885337e-01,3.185038751383599542e-02,2.489117905895987023e-03,1.869293081802575734e-03,2.813599827215528025e-04
-5.217665752506162047e-01,5.593601305398885337e-01,3.185038751383599542e-02,2.489117905895987023e-03,1.869293081802575734e-03,2.813599827215528025e-04
-5.217665752506162047e-01,5.593601305398885337e-01,3.185038751383599542e-02,2.489117905895987023e-03,1.869293081802575734e-03,2.813599827215528025e-04
-5.217665752506162047e-01,5.593601305398885337e-01,3.185038751383599542e-02,2.489117905895987023e-03,1.869293081802575734e-03,2.813599827215528025e-04
-5.217665752506162047e-01,5.593601305398885337e-01,3.185038751383599542e-02,2.489117905895987023e-03,1.869293081802575734e-03,2.813599827215528025e-04
-5.217665752506162047e-01,5.593601305398885337e-01,3.185038751383599542e-02,2.489117905895987023e-03,1.869293081802575734e-03,2.813599827215528025e-04
-5.217665752506162047e-01,5.593601305398885337e-01,3.185038751383599542e-02,2.489117905895987023e-03,1.869293081802575734e-03,2.813599827215528025e-04
-5.217665752506162047e-01,5.593601305398885337e-01,3.185038751383599542e-02,2.489117905895987023e-03,1.869293081802575734e-03,2.813599827215528025e-04
-5.217665752506162047e-01,5.593601305398885337e-01,3.185038751383599542e-02,2.489117905895987023e-03,1.869293081802575734e-03,2.813599827215528025e-04
-5.217665752506162047e-01,5.593601305398885337e-01,3.185038751383599542e-02,2.489117905895987023e-03,1.869293081802575734e-03,2.813599827215528025e-04
-5.217665752506162047e-01,5.593601305398885337e-01,3.185038751383599542e-02,2.489117905895987023e-03,1.869293081802575734e-03,2.813599827215528025e-04
-5.217665752506162047e-01,5.593601305398885337e-01,3.185038751383599542e-02,2.489117905895987023e-03,1.869293081802575734e-03,2.813599827215528025e-04
-5.217665752506162047e-01,5.593601305398885337e-01,3.185038751383599542e-02,2.489117905895987023e-03,1.869293081802575734e-03,2.813599827215528025e-04
-5.422120837595367782e-01,5.343616553810697223e-01,3.170250575096154183e-02,2.256898582032755996e-03,1.894827867611622923e-03,2.640561246693309914e-04
-5.422120837595367782e-01,5.343616553810697223e-01,3.170250575096154183e-02,2.256898582032755996e-03,1.894827867611622923e-03,2.640561246693309914e-04
-5.422120837595367782e-01,5.343616553810697223e-01,3.170250575096154183e-02,2.256898582032755996e-03,1.894827867611622923e-03,2.640561246693309914e-04
-5.422120837595367782e-01,5.343616553810697223e-01,3.170250575096154183e-02,2.256898582032755996e-03,1.894827867611622923e-03,2.640561246693309914e-04
-5.422120837595367782e-01,5.343616553810697223e-01,3.170250575096154183e-02,2.256898582032755996e-03,1.894827867611622923e-03,2.640561246693309914e-04
-5.422120837595367782e-01,5.343616553810697223e-01,3.170250575096154183e-02,2.256898582032755996e-03,1.894827867611622923e-03,2.640561246693309914e-04
-5.422120837595367782e-01,5.343616553810697223e-01,3.170250575096154183e-02,2.256898582032755996e-03,1.894827867611622923e-03,2.640561246693309914e-04
-5.422120837595367782e-01,5.343616553810697223e-01,3.170250575096154183e-02,2.256898582032755996e-03,1.894827867611622923e-03,2.640561246693309914e-04
-5.422120837595367782e-01,5.343616553810697223e-01,3.170250575096154183e-02,2.256898582032755996e-03,1.894827867611622923e-03,2.640561246693309914e-04
-5.422120837595367782e-01,5.343616553810697223e-01,3.170250575096154183e-02,2.256898582032755996e-03,1.894827867611622923e-03,2.640561246693309914e-04
-5.422120837595367782e-01,5.343616553810697223e-01,3.170250575096154183e-02,2.256898582032755996e-03,1.894827867611622923e-03,2.640561246693309914e-04
-5.422120837595367782e-01,5.343616553810697223e-01,3.170250575096154183e-02,2.256898582032755996e-03,1.894827867611622923e-03,2.640561246693309914e-04
-5.422120837595367782e-01,5.343616553810697223e-01,3.170250575096154183e-02,2.256898582032755996e-03,1.894827867611622923e-03,2.640561246693309914e-04
-5.422120837595367782e-01,5.343616553810697223e-01,3.170250575096154183e-02,2.256898582032755996e-03,1.894827867611622923e-03,2.640561246693309914e-04
-5.422120837595367782e-01,5.343616553810697223e-01,3.170250575096154183e-02,2.256898582032755996e-03,1.894827867611622923e-03,2.640561246693309914e-04
-5.602053733058686147e-01,5.085950434824030308e-01,3.183788585907220553e-02,2.024134399797360064e-03,1.877691337526951392e-03,2.431345335696662266e-04
-5.602053733058686147e-01,5.085950434824030308e-01,3.183788585907220553e-02,2.024134399797360064e-03,1.877691337526951392e-03,2.431345335696662266e-04
-5.602053733058686147e-01,5.085950434824030308e-01,3.183788585907220553e-02,2.024134399797360064e-03,1.877691337526951392e-03,2.431345335696662266e-04
-5.602053733058686147e-01,5.085950434824030308e-01,3.183788585907220553e-02,2.024134399797360064e-03,1.877691337526951392e-03,2.431345335696662266e-04
-5.602053733058686147e-01,5.085950434824030308e-01,3.183788585907220553e-02,2.024134399797360064e-03,1.877691337526951392e-03,2.431345335696662266e-04
-5.602053733058686147e-01,5.085950434824030308e-01,3.183788585907220553e-02,2.024134399797360064e-03,1.877691337526951392e-03,2.431345335696662266e-04
-5.602053733058686147e-01,5.085950434824030308e-01,3.183788585907220553e-02,2.024134399797360064e-03,1.877691337526951392e-03,2.431345335696662266e-04
-5.602053733058686147e-01,5.085950434824030308e-01,3.183788585907220553e-02,2.024134399797360064e-03,1.877691337526951392e-03,2.431345335696662266e-04
-5.602053733058686147e-01,5.085950434824030308e-01,3.183788585907220553e-02,2.024134399797360064e-03,1.877691337526951392e-03,2.431345335696662266e-04
-5.602053733058686147e-01,5.085950434824030308e-01,3.183788585907220553e-02,2.024134399797360064e-03,1.877691337526951392e-03,2.431345335696662266e-04
-5.602053733058686147e-01,5.085950434824030308e-01,3.183788585907220553e-02,2.024134399797360064e-03,1.877691337526951392e-03,2.431345335696662266e-04
-5.602053733058686147e-01,5.085950434824030308e-01,3.183788585907220553e-02,2.024134399797360064e-03,1.877691337526951392e-03,2.431345335696662266e-04
-5.602053733058686147e-01,5.085950434824030308e-01,3.183788585907220553e-02,2.024134399797360064e-03,1.877691337526951392e-03,2.431345335696662266e-04
-5.602053733058686147e-01,5.085950434824030308e-01,3.183788585907220553e-02,2.024134399797360064e-03,1.877691337526951392e-03,2.431345335696662266e-04
-5.602053733058686147e-01,5.085950434824030308e-01,3.183788585907220553e-02,2.024134399797360064e-03,1.877691337526951392e-03,2.431345335696662266e-04
-5.746870786860051039e-01,4.827345873004698640e-01,3.223985787018481680e-02,1.812559302140430992e-03,1.821197401194796879e-03,2.206930877432056279e-04
-5.746870786860051039e-01,4.827345873004698640e-01,3.223985787018481680e-02,1.812559302140430992e-03,1.821197401194796879e-03,2.206930877432056279e-04
-5.746870786860051039e-01,4.827345873004698640e-01,3.223985787018481680e-02,1.812559302140430992e-03,1.821197401194796879e-03,2.206930877432056279e-04
-5.746870786860051039e-01,4.827345873004698640e-01,3.223985787018481680e-02,1.812559302140430992e-03,1.821197401194796879e-03,2.206930877432056279e-04
-5.746870786860051039e-01,4.827345873004698640e-01,3.223985787018481680e-02,1.812559302140430992e-03,1.821197401194796879e-03,2.206930877432056279e-04
-5.746870786860051039e-01,4.827345873004698640e-01,3.223985787018481680e-02,1.812559302140430992e-03,1.821197401194796879e-03,2.206930877432056279e-04
-5.746870786860051039e-01,4.827345873004698640e-01,3.223985787018481680e-02,1.812559302140430992e-03,1.821197401194796879e-03,2.206930877432056279e-04
-5.746870786860051039e-01,4.827345873004698640e-01,3.223985787018481680e-02,1.812559302140430992e-03,1.821197401194796879e-03,2.206930877432056279e-04
-5.746870786860051039e-01,4.827345873004698640e-01,3.223985787018481680e-02,1.812559302140430992e-03,1.821197401194796879e-03,2.206930877432056279e-04
-5.746870786860051039e-01,4.827345873004698640e-01,3.223985787018481680e-02,1.812559302140430992e-03,1.821197401194796879e-03,2.206930877432056279e-04
-5.746870786860051039e-01,4.827345873004698640e-01,3.223985787018481680e-02,1.812559302140430992e-03,1.821197401194796879e-03,2.206930877432056279e-04
-5.746870786860051039e-01,4.827345873004698640e-01,3.223985787018481680e-02,1.812559302140430992e-03,1.821197401194796879e-03,2.206930877432056279e-04
-5.746870786860051039e-01,4.827345873004698640e-01,3.223985787018481680e-02,1.812559302140430992e-03,1.821197401194796879e-03,2.206930877432056279e-04
-5.746870786860051039e-01,4.827345873004698640e-01,3.223985787018481680e-02,1.812559302140430992e-03,1.821197401194796879e-03,2.206930877432056279e-04
-5.746870786860051039e-01,4.827345873004698640e-01,3.223985787018481680e-02,1.812559302140430992e-03,1.821197401194796879e-03,2.206930877432056279e-04
-5.851738881693631100e-01,4.574687154362130359e-01,3.282067188787516493e-02,1.637865045815254435e-03,1.739779327329404792e-03,1.992561086857393138e-04
-5.851738881693631100e-01,4.574687154362130359e-01,3.282067188787516493e-02,1.637865045815254435e-03,1.739779327329404792e-03,1.992561086857393138e-04
-5.851738881693631100e-01,4.574687154362130359e-01,3.282067188787516493e-02,1.637865045815254435e-03,1.739779327329404792e-03,1.992561086857393138e-04
-5.851738881693631100e-01,4.574687154362130359e-01,3.282067188787516493e-02,1.637865045815254435e-03,1.739779327329404792e-03,1.992561086857393138e-04
-5.851738881693631100e-01,4.574687154362130359e-01,3.282067188787516493e-02,1.637865045815254435e-03,1.739779327329404792e-03,1.992561086857393138e-04
-5.851738881693631100e-01,4.574687154362130359e-01,3.282067188787516493e-02,1.637865045815254435e-03,1.739779327329404792e-03,1.992561086857393138e-04
-5.851738881693631100e-01,4.574687154362130359e-01,3.282067188787516493e-02,1.637865045815254435e-03,1.739779327329404792e-03,1.992561086857393138e-04
-5.851738881693631100e-01,4.574687154362130359e-01,3.282067188787516493e-02,1.637865045815254435e-03,1.739779327329404792e-03,1.992561086857393138e-04
-5.851738881693631100e-01,4.574687154362130359e-01,3.282067188787516493e-02,1.637865045815254435e-03,1.739779327329404792e-03,1.992561086857393138e-04
-5.851738881693631100e-01,4.574687154362130359e-01,3.282067188787516493e-02,1.637865045815254435e-03,1.739779327329404792e-03,1.992561086857393138e-04
-5.851738881693631100e-01,4.574687154362130359e-01,3.282067188787516493e-02,1.637865045815254435e-03,1.739779327329404792e-03,1.992561086857393138e-04
-5.851738881693631100e-01,4.574687154362130359e-01,3.282067188787516493e-02,1.637865045815254435e-03,1.739779327329404792e-03,1.992561086857393138e-04
-5.851738881693631100e-01,4.574687154362130359e-01,3.282067188787516493e-02,1.637865045815254435e-03,1.739779327329404792e-03,1.992561086857393138e-04
-5.851738881693631100e-01,4.574687154362130359e-01,3.282067188787516493e-02,1.637865045815254435e-03,1.739779327329404792e-03,1.992561086857393138e-04
-5.851738881693631100e-01,4.574687154362130359e-01,3.282067188787516493e-02,1.637865045815254435e-03,1.739779327329404792e-03,1.992561086857393138e-04
-5.919056557080016878e-01,4.332314851316310667e-01,3.346223244034936956e-02,1.504799638733027214e-03,1.651483481846771498e-03,1.807375059902230157e-04
-5.919056557080016878e-01,4.332314851316310667e-01,3.346223244034936956e-02,1.504799638733027214e-03,1.651483481846771498e-03,1.807375059902230157e-04
-5.919056557080016878e-01,4.332314851316310667e-01,3.346223244034936956e-02,1.504799638733027214e-03,1.651483481846771498e-03,1.807375059902230157e-04
-5.919056557080016878e-01,4.332314851316310667e-01,3.346223244034936956e-02,1.504799638733027214e-03,1.651483481846771498e-03,1.807375059902230157e-04
-5.919056557080016878e-01,4.332314851316310667e-01,3.346223244034936956e-02,1.504799638733027214e-03,1.651483481846771498e-03,1.807375059902230157e-04
-5.919056557080016878e-01,4.332314851316310667e-01,3.346223244034936956e-02,1.504799638733027214e-03,1.651483481846771498e-03,1.807375059902230157e-04
-5.919056557080016878e-01,4.332314851316310667e-01,3.346223244034936956e-02,1.504799638733027214e-03,1.651483481846771498e-03,1.807375059902230157e-04
-5.919056557080016878e-01,4.332314851316310667e-01,3.346223244034936956e-02,1.504799638733027214e-03,1.651483481846771498e-03,1.807375059902230157e-04
-5.919056557080016878e-01,4.332314851316310667e-01,3.346223244034936956e-02,1.504799638733027214e-03,1.651483481846771498e-03,1.807375059902230157e-04
-5.919056557080016878e-01,4.332314851316310667e-01,3.346223244034936956e-02,1.504799638733027214e-03,1.651483481846771498e-03,1.807375059902230157e-04
-5.919056557080016878e-01,4.332314851316310667e-01,3.346223244034936956e-02,1.504799638733027214e-03,1.651483481846771498e-03,1.807375059902230157e-04
-5.919056557080016878e-01,4.332314851316310667e-01,3.346223244034936956e-02,1.504799638733027214e-03,1.651483481846771498e-03,1.807375059902230157e-04
-5.919056557080016878e-01,4.332314851316310667e-01,3.346223244034936956e-02,1.504799638733027214e-03,1.651483481846771498e-03,1.807375059902230157e-04
-5.919056557080016878e-01,4.332314851316310667e-01,3.346223244034936956e-02,1.504799638733027214e-03,1.651483481846771498e-03,1.807375059902230157e-04
-5.919056557080016878e-01,4.332314851316310667e-01,3.346223244034936956e-02,1.504799638733027214e-03,1.651483481846771498e-03,1.807375059902230157e-04
-5.955826208105672315e-01,4.101317756182576435e-01,3.406488801993195342e-02,1.409235270291182666e-03,1.570024707029664358e-03,1.659532747376967735e-04
-5.955826208105672315e-01,4.101317756182576435e-01,3.406488801993195342e-02,1.409235270291182666e-03,1.570024707029664358e-03,1.659532747376967735e-04
-5.955826208105672315e-01,4.101317756182576435e-01,3.406488801993195342e-02,1.409235270291182666e-03,1.570024707029664358e-03,1.659532747376967735e-04
-5.955826208105672315e-01,4.101317756182576435e-01,3.406488801993195342e-02,1.409235270291182666e-03,1.570024707029664358e-03,1.659532747376967735e-04
-5.955826208105672315e-01,4.101317756182576435e-01,3.406488801993195342e-02,1.409235270291182666e-03,1.570024707029664358e-03,1.659532747376967735e-04
-5.955826208105672315e-01,4.101317756182576435e-01,3.406488801993195342e-02,1.409235270291182666e-03,1.570024707029664358e-03,1.659532747376967735e-04
-5.955826208105672315e-01,4.101317756182576435e-01,3.406488801993195342e-02,1.409235270291182666e-03,1.570024707029664358e-03,1.659532747376967735e-04
-5.955826208105672315e-01,4.101317756182576435e-01,3.406488801993195342e-02,1.409235270291182666e-03,1.570024707029664358e-03,1.659532747376967735e-04
-5.955826208105672315e-01,4.101317756182576435e-01,3.406488801993195342e-02,1.409235270291182666e-03,1.570024707029664358e-03,1.659532747376967735e-04
-5.955826208105672315e-01,4.101317756182576435e-01,3.406488801993195342e-02,1.409235270291182666e-03,1.570024707029664358e-03,1.659532747376967735e-04
-5.955826208105672315e-01,4.101317756182576435e-01,3.406488801993195342e-02,1.409235270291182666e-03,1.570024707029664358e-03,1.659532747376967735e-04
-5.955826208105672315e-01,4.101317756182576435e-01,3.406488801993195342e-02,1.409235270291182666e-03,1.570024707029664358e-03,1.659532747376967735e-04
-5.955826208105672315e-01,4.101317756182576435e-01,3.406488801993195342e-02,1.409235270291182666e-03,1.570024707029664358e-03,1.659532747376967735e-04
-5.955826208105672315e-01,4.101317756182576435e-01,3.406488801993195342e-02,1.409235270291182666e-03,1.570024707029664358e-03,1.659532747376967735e-04
-5.955826208105672315e-01,4.101317756182576435e-01,3.406488801993195342e-02,1.409235270291182666e-03,1.570024707029664358e-03,1.659532747376967735e-04
-5.969944242756248798e-01,3.880616546154837532e-01,3.457014683384993653e-02,1.343150979766855307e-03,1.502071991259964091e-03,1.548216761131456409e-04
-5.969944242756248798e-01,3.880616546154837532e-01,3.457014683384993653e-02,1.343150979766855307e-03,1.502071991259964091e-03,1.548216761131456409e-04
-5.969944242756248798e-01,3.880616546154837532e-01,3.457014683384993653e-02,1.343150979766855307e-03,1.502071991259964091e-03,1.548216761131456409e-04
-5.969944242756248798e-01,3.880616546154837532e-01,3.457014683384993653e-02,1.343150979766855307e-03,1.502071991259964091e-03,1.548216761131456409e-04
-5.969944242756248798e-01,3.880616546154837532e-01,3.457014683384993653e-02,1.343150979766855307e-03,1.502071991259964091e-03,1.548216761131456409e-04
-5.969944242756248798e-01,3.880616546154837532e-01,3.457014683384993653e-02,1.343150979766855307e-03,1.502071991259964091e-03,1.548216761131456409e-04
-5.969944242756248798e-01,3.880616546154837532e-01,3.457014683384993653e-02,1.343150979766855307e-03,1.502071991259964091e-03,1.548216761131456409e-04
-5.969944242756248798e-01,3.880616546154837532e-01,3.457014683384993653e-02,1.343150979766855307e-03,1.502071991259964091e-03,1.548216761131456409e-04
-5.969944242756248798e-01,3.880616546154837532e-01,3.457014683384993653e-02,1.343150979766855307e-03,1.502071991259964091e-03,1.548216761131456409e-04
-5.969944242756248798e-01,3.880616546154837532e-01,3.457014683384993653e-02,1.343150979766855307e-03,1.502071991259964091e-03,1.548216761131456409e-04
-5.969944242756248798e-01,3.880616546154837532e-01,3.457014683384993653e-02,1.343150979766855307e-03,1.502071991259964091e-03,1.548216761131456409e-04
-5.969944242756248798e-01,3.880616546154837532e-01,3.457014683384993653e-02,1.343150979766855307e-03,1.502071991259964091e-03,1.548216761131456409e-04
-5.969944242756248798e-01,3.880616546154837532e-01,3.457014683384993653e-02,1.343150979766855307e-03,1.502071991259964091e-03,1.548216761131456409e-04
-5.969944242756248798e-01,3.880616546154837532e-01,3.457014683384993653e-02,1.343150979766855307e-03,1.502071991259964091e-03,1.548216761131456409e-04
-5.969944242756248798e-01,3.880616546154837532e-01,3.457014683384993653e-02,1.343150979766855307e-03,1.502071991259964091e-03,1.548216761131456409e-04
-5.967913199632308707e-01,3.668374118299109754e-01,3.495657408030575231e-02,1.298472020169982605e-03,1.448892471236193965e-03,1.468453920285417305e-04
-5.967913199632308707e-01,3.668374118299109754e-01,3.495657408030575231e-02,1.298472020169982605e-03,1.448892471236193965e-03,1.468453920285417305e-04
-5.967913199632308707e-01,3.668374118299109754e-01,3.495657408030575231e-02,1.298472020169982605e-03,1.448892471236193965e-03,1.468453920285417305e-04
-5.967913199632308707e-01,3.668374118299109754e-01,3.495657408030575231e-02,1.298472020169982605e-03,1.448892471236193965e-03,1.468453920285417305e-04
-5.967913199632308707e-01,3.668374118299109754e-01,3.495657408030575231e-02,1.298472020169982605e-03,1.448892471236193965e-03,1.468453920285417305e-04
-5.967913199632308707e-01,3.668374118299109754e-01,3.495657408030575231e-02,1.298472020169982605e-03,1.448892471236193965e-03,1.468453920285417305e-04
-5.967913199632308707e-01,3.668374118299109754e-01,3.495657408030575231e-02,1.298472020169982605e-03,1.448892471236193965e-03,1.468453920285417305e-04
-5.967913199632308707e-01,3.668374118299109754e-01,3.495657408030575231e-02,1.298472020169982605e-03,1.448892471236193965e-03,1.468453920285417305e-04
-5.967913199632308707e-01,3.668374118299109754e-01,3.495657408030575231e-02,1.298472020169982605e-03,1.448892471236193965e-03,1.468453920285417305e-04
-5.967913199632308707e-01,3.668374118299109754e-01,3.495657408030575231e-02,1.298472020169982605e-03,1.448892471236193965e-03,1.468453920285417305e-04
-5.967913199632308707e-01,3.668374118299109754e-01,3.495657408030575231e-02,1.298472020169982605e-03,1.448892471236193965e-03,1.468453920285417305e-04
-5.967913199632308707e-01,3.668374118299109754e-01,3.495657408030575231e-02,1.298472020169982605e-03,1.448892471236193965e-03,1.468453920285417305e-04
-5.967913199632308707e-01,3.668374118299109754e-01,3.495657408030575231e-02,1.298472020169982605e-03,1.448892471236193965e-03,1.468453920285417305e-04
-5.967913199632308707e-01,3.668374118299109754e-01,3.495657408030575231e-02,1.298472020169982605e-03,1.448892471236193965e-03,1.468453920285417305e-04
-5.967913199632308707e-01,3.668374118299109754e-01,3.495657408030575231e-02,1.298472020169982605e-03,1.448892471236193965e-03,1.468453920285417305e-04
-5.954233996610547308e-01,3.462865635071910031e-01,3.522553579250074091e-02,1.268819978253233217e-03,1.409102820065560348e-03,1.415394678864472118e-04
-5.954233996610547308e-01,3.462865635071910031e-01,3.522553579250074091e-02,1.268819978253233217e-03,1.409102820065560348e-03,1.415394678864472118e-04
-5.954233996610547308e-01,3.462865635071910031e-01,3.522553579250074091e-02,1.268819978253233217e-03,1.409102820065560348e-03,1.415394678864472118e-04
-5.954233996610547308e-01,3.462865635071910031e-01,3.522553579250074091e-02,1.268819978253233217e-03,1.409102820065560348e-03,1.415394678864472118e-04
-5.954233996610547308e-01,3.462865635071910031e-01,3.522553579250074091e-02,1.268819978253233217e-03,1.409102820065560348e-03,1.415394678864472118e-04
-5.954233996610547308e-01,3.462865635071910031e-01,3.522553579250074091e-02,1.268819978253233217e-03,1.409102820065560348e-03,1.415394678864472118e-04
-5.954233996610547308e-01,3.462865635071910031e-01,3.522553579250074091e-02,1.268819978253233217e-03,1.409102820065560348e-03,1.415394678864472118e-04
-5.954233996610547308e-01,3.462865635071910031e-01,3.522553579250074091e-02,1.268819978253233217e-03,1.409102820065560348e-03,1.415394678864472118e-04
-5.954233996610547308e-01,3.462865635071910031e-01,3.522553579250074091e-02,1.268819978253233217e-03,1.409102820065560348e-03,1.415394678864472118e-04
-5.954233996610547308e-01,3.462865635071910031e-01,3.522553579250074091e-02,1.268819978253233217e-03,1.409102820065560348e-03,1.415394678864472118e-04
-5.954233996610547308e-01,3.462865635071910031e-01,3.522553579250074091e-02,1.268819978253233217e-03,1.409102820065560348e-03,1.415394678864472118e-04
-5.954233996610547308e-01,3.462865635071910031e-01,3.522553579250074091e-02,1.268819978253233217e-03,1.409102820065560348e-03,1.415394678864472118e-04
-5.954233996610547308e-01,3.462865635071910031e-01,3.522553579250074091e-02,1.268819978253233217e-03,1.409102820065560348e-03,1.415394678864472118e-04
-5.954233996610547308e-01,3.462865635071910031e-01,3.522553579250074091e-02,1.268819978253233217e-03,1.409102820065560348e-03,1.415394678864472118e-04
-5.954233996610547308e-01,3.462865635071910031e-01,3.522553579250074091e-02,1.268819978253233217e-03,1.409102820065560348e-03,1.415394678864472118e-04
-5.931680602984105155e-01,3.262783383746263866e-01,3.538882976882220394e-02,1.249947843804807010e-03,1.380784352363054017e-03,1.387561582297789134e-04
-5.931680602984105155e-01,3.262783383746263866e-01,3.538882976882220394e-02,1.249947843804807010e-03,1.380784352363054017e-03,1.387561582297789134e-04
-5.931680602984105155e-01,3.262783383746263866e-01,3.538882976882220394e-02,1.249947843804807010e-03,1.380784352363054017e-03,1.387561582297789134e-04
-5.931680602984105155e-01,3.262783383746263866e-01,3.538882976882220394e-02,1.249947843804807010e-03,1.380784352363054017e-03,1.387561582297789134e-04
-5.931680602984105155e-01,3.262783383746263866e-01,3.538882976882220394e-02,1.249947843804807010e-03,1.380784352363054017e-03,1.387561582297789134e-04
-5.931680602984105155e-01,3.262783383746263866e-01,3.538882976882220394e-02,1.249947843804807010e-03,1.380784352363054017e-03,1.387561582297789134e-04
-5.931680602984105155e-01,3.262783383746263866e-01,3.538882976882220394e-02,1.249947843804807010e-03,1.380784352363054017e-03,1.387561582297789134e-04
-5.931680602984105155e-01,3.262783383746263866e-01,3.538882976882220394e-02,1.249947843804807010e-03,1.380784352363054017e-03,1.387561582297789134e-04
-5.931680602984105155e-01,3.262783383746263866e-01,3.538882976882220394e-02,1.249947843804807010e-03,1.380784352363054017e-03,1.387561582297789134e-04
-5.931680602984105155e-01,3.262783383746263866e-01,3.538882976882220394e-02,1.249947843804807010e-03,1.380784352363054017e-03,1.387561582297789134e-04
-5.931680602984105155e-01,3.262783383746263866e-01,3.538882976882220394e-02,1.249947843804807010e-03,1.380784352363054017e-03,1.387561582297789134e-04
-5.931680602984105155e-01,3.262783383746263866e-01,3.538882976882220394e-02,1.249947843804807010e-03,1.380784352363054017e-03,1.387561582297789134e-04
-5.931680602984105155e-01,3.262783383746263866e-01,3.538882976882220394e-02,1.249947843804807010e-03,1.380784352363054017e-03,1.387561582297789134e-04
-5.931680602984105155e-01,3.262783383746263866e-01,3.538882976882220394e-02,1.249947843804807010e-03,1.380784352363054017e-03,1.387561582297789134e-04
-5.931680602984105155e-01,3.262783383746263866e-01,3.538882976882220394e-02,1.249947843804807010e-03,1.380784352363054017e-03,1.387561582297789134e-04
-5.901770434532790377e-01,3.067235432155492880e-01,3.546155500667190485e-02,1.239774960974851037e-03,1.362873726630614525e-03,1.390434378714143016e-04
-5.901770434532790377e-01,3.067235432155492880e-01,3.546155500667190485e-02,1.239774960974851037e-03,1.362873726630614525e-03,1.390434378714143016e-04
-5.901770434532790377e-01,3.067235432155492880e-01,3.546155500667190485e-02,1.239774960974851037e-03,1.362873726630614525e-03,1.390434378714143016e-04
-5.901770434532790377e-01,3.067235432155492880e-01,3.546155500667190485e-02,1.239774960974851037e-03,1.362873726630614525e-03,1.390434378714143016e-04
-5.901770434532790377e-01,3.067235432155492880e-01,3.546155500667190485e-02,1.239774960974851037e-03,1.362873726630614525e-03,1.390434378714143016e-04
-5.901770434532790377e-01,3.067235432155492880e-01,3.546155500667190485e-02,1.239774960974851037e-03,1.362873726630614525e-03,1.390434378714143016e-04
-5.901770434532790377e-01,3.067235432155492880e-01,3.546155500667190485e-02,1.239774960974851037e-03,1.362873726630614525e-03,1.390434378714143016e-04
-5.901770434532790377e-01,3.067235432155492880e-01,3.546155500667190485e-02,1.239774960974851037e-03,1.362873726630614525e-03,1.390434378714143016e-04
-5.901770434532790377e-01,3.067235432155492880e-01,3.546155500667190485e-02,1.239774960974851037e-03,1.362873726630614525e-03,1.390434378714143016e-04
-5.901770434532790377e-01,3.067235432155492880e-01,3.546155500667190485e-02,1.239774960974851037e-03,1.362873726630614525e-03,1.390434378714143016e-04
-5.901770434532790377e-01,3.067235432155492880e-01,3.546155500667190485e-02,1.239774960974851037e-03,1.362873726630614525e-03,1.390434378714143016e-04
-5.901770434532790377e-01,3.067235432155492880e-01,3.546155500667190485e-02,1.239774960974851037e-03,1.362873726630614525e-03,1.390434378714143016e-04
-5.901770434532790377e-01,3.067235432155492880e-01,3.546155500667190485e-02,1.239774960974851037e-03,1.362873726630614525e-03,1.390434378714143016e-04
-5.901770434532790377e-01,3.067235432155492880e-01,3.546155500667190485e-02,1.239774960974851037e-03,1.362873726630614525e-03,1.390434378714143016e-04
-5.901770434532790377e-01,3.067235432155492880e-01,3.546155500667190485e-02,1.239774960974851037e-03,1.362873726630614525e-03,1.390434378714143016e-04
-5.865105633241566307e-01,2.875644616050874181e-01,3.545941218031191389e-02,1.238651562258937877e-03,1.356440496873934131e-03,1.442797788716724855e-04
-5.865105633241566307e-01,2.875644616050874181e-01,3.545941218031191389e-02,1.238651562258937877e-03,1.356440496873934131e-03,1.442797788716724855e-04
-5.865105633241566307e-01,2.875644616050874181e-01,3.545941218031191389e-02,1.238651562258937877e-03,1.356440496873934131e-03,1.442797788716724855e-04
-5.865105633241566307e-01,2.875644616050874181e-01,3.545941218031191389e-02,1.238651562258937877e-03,1.356440496873934131e-03,1.442797788716724855e-04
-5.865105633241566307e-01,2.875644616050874181e-01,3.545941218031191389e-02,1.238651562258937877e-03,1.356440496873934131e-03,1.442797788716724855e-04
-5.865105633241566307e-01,2.875644616050874181e-01,3.545941218031191389e-02,1.238651562258937877e-03,1.356440496873934131e-03,1.442797788716724855e-04
-5.865105633241566307e-01,2.875644616050874181e-01,3.545941218031191389e-02,1.238651562258937877e-03,1.356440496873934131e-03,1.442797788716724855e-04
-5.865105633241566307e-01,2.875644616050874181e-01,3.545941218031191389e-02,1.238651562258937877e-03,1.356440496873934131e-03,1.442797788716724855e-04
-5.865105633241566307e-01,2.875644616050874181e-01,3.545941218031191389e-02,1.238651562258937877e-03,1.356440496873934131e-03,1.442797788716724855e-04
-5.865105633241566307e-01,2.875644616050874181e-01,3.545941218031191389e-02,1.238651562258937877e-03,1.356440496873934131e-03,1.442797788716724855e-04
-5.865105633241566307e-01,2.875644616050874181e-01,3.545941218031191389e-02,1.238651562258937877e-03,1.356440496873934131e-03,1.442797788716724855e-04
-5.865105633241566307e-01,2.875644616050874181e-01,3.545941218031191389e-02,1.238651562258937877e-03,1.356440496873934131e-03,1.442797788716724855e-04
-5.865105633241566307e-01,2.875644616050874181e-01,3.545941218031191389e-02,1.238651562258937877e-03,1.356440496873934131e-03,1.442797788716724855e-04
-5.865105633241566307e-01,2.875644616050874181e-01,3.545941218031191389e-02,1.238651562258937877e-03,1.356440496873934131e-03,1.442797788716724855e-04
-5.865105633241566307e-01,2.875644616050874181e-01,3.545941218031191389e-02,1.238651562258937877e-03,1.356440496873934131e-03,1.442797788716724855e-04
-5.832121403144859828e-01,2.684800785559301461e-01,3.523936921891647478e-02,1.227709277655844936e-03,1.336166524474014308e-03,1.304129006893448278e-04
-5.832121403144859828e-01,2.684800785559301461e-01,3.523936921891647478e-02,1.227709277655844936e-03,1.336166524474014308e-03,1.304129006893448278e-04
-5.832121403144859828e-01,2.684800785559301461e-01,3.523936921891647478e-02,1.227709277655844936e-03,1.336166524474014308e-03,1.304129006893448278e-04
-5.832121403144859828e-01,2.684800785559301461e-01,3.523936921891647478e-02,1.227709277655844936e-03,1.336166524474014308e-03,1.304129006893448278e-04
-5.832121403144859828e-01,2.684800785559301461e-01,3.523936921891647478e-02,1.227709277655844936e-03,1.336166524474014308e-03,1.304129006893448278e-04
-5.832121403144859828e-01,2.684800785559301461e-01,3.523936921891647478e-02,1.227709277655844936e-03,1.336166524474014308e-03,1.304129006893448278e-04
-5.832121403144859828e-01,2.684800785559301461e-01,3.523936921891647478e-02,1.227709277655844936e-03,1.336166524474014308e-03,1.304129006893448278e-04
-5.832121403144859828e-01,2.684800785559301461e-01,3.523936921891647478e-02,1.227709277655844936e-03,1.336166524474014308e-03,1.304129006893448278e-04
-5.832121403144859828e-01,2.684800785559301461e-01,3.523936921891647478e-02,1.227709277655844936e-03,1.336166524474014308e-03,1.304129006893448278e-04
-5.832121403144859828e-01,2.684800785559301461e-01,3.523936921891647478e-02,1.227709277655844936e-03,1.336166524474014308e-03,1.304129006893448278e-04
-5.832121403144859828e-01,2.684800785559301461e-01,3.523936921891647478e-02,1.227709277655844936e-03,1.336166524474014308e-03,1.304129006893448278e-04
-5.832121403144859828e-01,2.684800785559301461e-01,3.523936921891647478e-02,1.227709277655844936e-03,1.336166524474014308e-03,1.304129006893448278e-04
-5.832121403144859828e-01,2.684800785559301461e-01,3.523936921891647478e-02,1.227709277655844936e-03,1.336166524474014308e-03,1.304129006893448278e-04
-5.832121403144859828e-01,2.684800785559301461e-01,3.523936921891647478e-02,1.227709277655844936e-03,1.336166524474014308e-03,1.304129006893448278e-04
-5.832121403144859828e-01,2.684800785559301461e-01,3.523936921891647478e-02,1.227709277655844936e-03,1.336166524474014308e-03,1.304129006893448278e-04
-5.791211251804931903e-01,2.496998596913259649e-01,3.498263685960056879e-02,1.237396555066691160e-03,1.338090974115781640e-03,1.305495693016128366e-04
-5.791211251804931903e-01,2.496998596913259649e-01,3.498263685960056879e-02,1.237396555066691160e-03,1.338090974115781640e-03,1.305495693016128366e-04
-5.791211251804931903e-01,2.496998596913259649e-01,3.498263685960056879e-02,1.237396555066691160e-03,1.338090974115781640e-03,1.305495693016128366e-04
-5.791211251804931903e-01,2.496998596913259649e-01,3.498263685960056879e-02,1.237396555066691160e-03,1.338090974115781640e-03,1.305495693016128366e-04
-5.791211251804931903e-01,2.496998596913259649e-01,3.498263685960056879e-02,1.237396555066691160e-03,1.338090974115781640e-03,1.305495693016128366e-04
-5.791211251804931903e-01,2.496998596913259649e-01,3.498263685960056879e-02,1.237396555066691160e-03,1.338090974115781640e-03,1.305495693016128366e-04
-5.791211251804931903e-01,2.496998596913259649e-01,3.498263685960056879e-02,1.237396555066691160e-03,1.338090974115781640e-03,1.305495693016128366e-04
-5.791211251804931903e-01,2.496998596913259649e-01,3.498263685960056879e-02,1.237396555066691160e-03,1.338090974115781640e-03,1.305495693016128366e-04
-5.791211251804931903e-01,2.496998596913259649e-01,3.498263685960056879e-02,1.237396555066691160e-03,1.338090974115781640e-03,1.305495693016128366e-04
-5.791211251804931903e-01,2.496998596913259649e-01,3.498263685960056879e-02,1.237396555066691160e-03,1.338090974115781640e-03,1.305495693016128366e-04
-5.791211251804931903e-01,2.496998596913259649e-01,3.498263685960056879e-02,1.237396555066691160e-03,1.338090974115781640e-03,1.305495693016128366e-04
-5.791211251804931903e-01,2.496998596913259649e-01,3.498263685960056879e-02,1.237396555066691160e-03,1.338090974115781640e-03,1.305495693016128366e-04
-5.791211251804931903e-01,2.496998596913259649e-01,3.498263685960056879e-02,1.237396555066691160e-03,1.338090974115781640e-03,1.305495693016128366e-04
-5.791211251804931903e-01,2.496998596913259649e-01,3.498263685960056879e-02,1.237396555066691160e-03,1.338090974115781640e-03,1.305495693016128366e-04
-5.791211251804931903e-01,2.496998596913259649e-01,3.498263685960056879e-02,1.237396555066691160e-03,1.338090974115781640e-03,1.305495693016128366e-04
-5.749496438906898099e-01,2.309437920920167087e-01,3.457360755942218838e-02,1.264875170422562504e-03,1.354529863304863510e-03,1.324548750930770518e-04
-5.749496438906898099e-01,2.309437920920167087e-01,3.457360755942218838e-02,1.264875170422562504e-03,1.354529863304863510e-03,1.324548750930770518e-04
-5.749496438906898099e-01,2.309437920920167087e-01,3.457360755942218838e-02,1.264875170422562504e-03,1.354529863304863510e-03,1.324548750930770518e-04
-5.749496438906898099e-01,2.309437920920167087e-01,3.457360755942218838e-02,1.264875170422562504e-03,1.354529863304863510e-03,1.324548750930770518e-04
-5.749496438906898099e-01,2.309437920920167087e-01,3.457360755942218838e-02,1.264875170422562504e-03,1.354529863304863510e-03,1.324548750930770518e-04
-5.749496438906898099e-01,2.309437920920167087e-01,3.457360755942218838e-02,1.264875170422562504e-03,1.354529863304863510e-03,1.324548750930770518e-04
-5.749496438906898099e-01,2.309437920920167087e-01,3.457360755942218838e-02,1.264875170422562504e-03,1.354529863304863510e-03,1.324548750930770518e-04
-5.749496438906898099e-01,2.309437920920167087e-01,3.457360755942218838e-02,1.264875170422562504e-03,1.354529863304863510e-03,1.324548750930770518e-04
-5.749496438906898099e-01,2.309437920920167087e-01,3.457360755942218838e-02,1.264875170422562504e-03,1.354529863304863510e-03,1.324548750930770518e-04
-5.749496438906898099e-01,2.309437920920167087e-01,3.457360755942218838e-02,1.264875170422562504e-03,1.354529863304863510e-03,1.324548750930770518e-04
-5.749496438906898099e-01,2.309437920920167087e-01,3.457360755942218838e-02,1.264875170422562504e-03,1.354529863304863510e-03,1.324548750930770518e-04
-5.749496438906898099e-01,2.309437920920167087e-01,3.457360755942218838e-02,1.264875170422562504e-03,1.354529863304863510e-03,1.324548750930770518e-04
-5.749496438906898099e-01,2.309437920920167087e-01,3.457360755942218838e-02,1.264875170422562504e-03,1.354529863304863510e-03,1.324548750930770518e-04
-5.749496438906898099e-01,2.309437920920167087e-01,3.457360755942218838e-02,1.264875170422562504e-03,1.354529863304863510e-03,1.324548750930770518e-04
-5.749496438906898099e-01,2.309437920920167087e-01,3.457360755942218838e-02,1.264875170422562504e-03,1.354529863304863510e-03,1.324548750930770518e-04
-5.709769781069665706e-01,2.120028538428757880e-01,3.394625328749086707e-02,1.326297846980975526e-03,1.397965998724624197e-03,1.375556682679335914e-04
-5.709769781069665706e-01,2.120028538428757880e-01,3.394625328749086707e-02,1.326297846980975526e-03,1.397965998724624197e-03,1.375556682679335914e-04
-5.709769781069665706e-01,2.120028538428757880e-01,3.394625328749086707e-02,1.326297846980975526e-03,1.397965998724624197e-03,1.375556682679335914e-04
-5.709769781069665706e-01,2.120028538428757880e-01,3.394625328749086707e-02,1.326297846980975526e-03,1.397965998724624197e-03,1.375556682679335914e-04
-5.709769781069665706e-01,2.120028538428757880e-01,3.394625328749086707e-02,1.326297846980975526e-03,1.397965998724624197e-03,1.375556682679335914e-04
-5.709769781069665706e-01,2.120028538428757880e-01,3.394625328749086707e-02,1.326297846980975526e-03,1.397965998724624197e-03,1.375556682679335914e-04
-5.709769781069665706e-01,2.120028538428757880e-01,3.394625328749086707e-02,1.326297846980975526e-03,1.397965998724624197e-03,1.375556682679335914e-04
-5.709769781069665706e-01,2.120028538428757880e-01,3.394625328749086707e-02,1.326297846980975526e-03,1.397965998724624197e-03,1.375556682679335914e-04
-5.709769781069665706e-01,2.120028538428757880e-01,3.394625328749086707e-02,1.326297846980975526e-03,1.397965998724624197e-03,1.375556682679335914e-04
-5.709769781069665706e-01,2.120028538428757880e-01,3.394625328749086707e-02,1.326297846980975526e-03,1.397965998724624197e-03,1.375556682679335914e-04
-5.709769781069665706e-01,2.120028538428757880e-01,3.394625328749086707e-02,1.326297846980975526e-03,1.397965998724624197e-03,1.375556682679335914e-04
-5.709769781069665706e-01,2.120028538428757880e-01,3.394625328749086707e-02,1.326297846980975526e-03,1.397965998724624197e-03,1.375556682679335914e-04
-5.709769781069665706e-01,2.120028538428757880e-01,3.394625328749086707e-02,1.326297846980975526e-03,1.397965998724624197e-03,1.375556682679335914e-04
-5.709769781069665706e-01,2.120028538428757880e-01,3.394625328749086707e-02,1.326297846980975526e-03,1.397965998724624197e-03,1.375556682679335914e-04
-5.709769781069665706e-01,2.120028538428757880e-01,3.394625328749086707e-02,1.326297846980975526e-03,1.397965998724624197e-03,1.375556682679335914e-04
-5.675510413276411148e-01,1.926480952711425720e-01,3.300069869630192082e-02,1.451868311200018701e-03,1.493451731195003223e-03,1.486454546729119343e-04
-5.675510413276411148e-01,1.926480952711425720e-01,3.300069869630192082e-02,1.451868311200018701e-03,1.493451731195003223e-03,1.486454546729119343e-04
-5.675510413276411148e-01,1.926480952711425720e-01,3.300069869630192082e-02,1.451868311200018701e-03,1.493451731195003223e-03,1.486454546729119343e-04
-5.675510413276411148e-01,1.926480952711425720e-01,3.300069869630192082e-02,1.451868311200018701e-03,1.493451731195003223e-03,1.486454546729119343e-04
-5.675510413276411148e-01,1.926480952711425720e-01,3.300069869630192082e-02,1.451868311200018701e-03,1.493451731195003223e-03,1.486454546729119343e-04
-5.675510413276411148e-01,1.926480952711425720e-01,3.300069869630192082e-02,1.451868311200018701e-03,1.493451731195003223e-03,1.486454546729119343e-04
-5.675510413276411148e-01,1.926480952711425720e-01,3.300069869630192082e-02,1.451868311200018701e-03,1.493451731195003223e-03,1.486454546729119343e-04
-5.675510413276411148e-01,1.926480952711425720e-01,3.300069869630192082e-02,1.451868311200018701e-03,1.493451731195003223e-03,1.486454546729119343e-04
-5.675510413276411148e-01,1.926480952711425720e-01,3.300069869630192082e-02,1.451868311200018701e-03,1.493451731195003223e-03,1.486454546729119343e-04
-5.675510413276411148e-01,1.926480952711425720e-01,3.300069869630192082e-02,1.451868311200018701e-03,1.493451731195003223e-03,1.486454546729119343e-04
-5.675510413276411148e-01,1.926480952711425720e-01,3.300069869630192082e-02,1.451868311200018701e-03,1.493451731195003223e-03,1.486454546729119343e-04
-5.675510413276411148e-01,1.926480952711425720e-01,3.300069869630192082e-02,1.451868311200018701e-03,1.493451731195003223e-03,1.486454546729119343e-04
-5.675510413276411148e-01,1.926480952711425720e-01,3.300069869630192082e-02,1.451868311200018701e-03,1.493451731195003223e-03,1.486454546729119343e-04
-5.675510413276411148e-01,1.926480952711425720e-01,3.300069869630192082e-02,1.451868311200018701e-03,1.493451731195003223e-03,1.486454546729119343e-04
-5.675510413276411148e-01,1.926480952711425720e-01,3.300069869630192082e-02,1.451868311200018701e-03,1.493451731195003223e-03,1.486454546729119343e-04
-5.649538013796391311e-01,1.728209178959887460e-01,3.162164901855672033e-02,1.692021172327207341e-03,1.686117957470383141e-03,1.705788018283707413e-04
-5.649538013796391311e-01,1.728209178959887460e-01,3.162164901855672033e-02,1.692021172327207341e-03,1.686117957470383141e-03,1.705788018283707413e-04
-5.649538013796391311e-01,1.728209178959887460e-01,3.162164901855672033e-02,1.692021172327207341e-03,1.686117957470383141e-03,1.705788018283707413e-04
-5.649538013796391311e-01,1.728209178959887460e-01,3.162164901855672033e-02,1.692021172327207341e-03,1.686117957470383141e-03,1.705788018283707413e-04
-5.649538013796391311e-01,1.728209178959887460e-01,3.162164901855672033e-02,1.692021172327207341e-03,1.686117957470383141e-03,1.705788018283707413e-04
-5.649538013796391311e-01,1.728209178959887460e-01,3.162164901855672033e-02,1.692021172327207341e-03,1.686117957470383141e-03,1.705788018283707413e-04
-5.649538013796391311e-01,1.728209178959887460e-01,3.162164901855672033e-02,1.692021172327207341e-03,1.686117957470383141e-03,1.705788018283707413e-04
-5.649538013796391311e-01,1.728209178959887460e-01,3.162164901855672033e-02,1.692021172327207341e-03,1.686117957470383141e-03,1.705788018283707413e-04
-5.649538013796391311e-01,1.728209178959887460e-01,3.162164901855672033e-02,1.692021172327207341e-03,1.686117957470383141e-03,1.705788018283707413e-04
-5.649538013796391311e-01,1.728209178959887460e-01,3.162164901855672033e-02,1.692021172327207341e-03,1.686117957470383141e-03,1.705788018283707413e-04
-5.649538013796391311e-01,1.728209178959887460e-01,3.162164901855672033e-02,1.692021172327207341e-03,1.686117957470383141e-03,1.705788018283707413e-04
-5.649538013796391311e-01,1.728209178959887460e-01,3.162164901855672033e-02,1.692021172327207341e-03,1.686117957470383141e-03,1.705788018283707413e-04
-5.649538013796391311e-01,1.728209178959887460e-01,3.162164901855672033e-02,1.692021172327207341e-03,1.686117957470383141e-03,1.705788018283707413e-04
-5.649538013796391311e-01,1.728209178959887460e-01,3.162164901855672033e-02,1.692021172327207341e-03,1.686117957470383141e-03,1.705788018283707413e-04
-5.649538013796391311e-01,1.728209178959887460e-01,3.162164901855672033e-02,1.692021172327207341e-03,1.686117957470383141e-03,1.705788018283707413e-04
-5.630112599395880046e-01,1.531390135800659025e-01,2.976567356573775469e-02,2.115486679580191789e-03,2.043177850187374682e-03,2.102722477799065189e-04
-5.630112599395880046e-01,1.531390135800659025e-01,2.976567356573775469e-02,2.115486679580191789e-03,2.043177850187374682e-03,2.102722477799065189e-04
-5.630112599395880046e-01,1.531390135800659025e-01,2.976567356573775469e-02,2.115486679580191789e-03,2.043177850187374682e-03,2.102722477799065189e-04
-5.630112599395880046e-01,1.531390135800659025e-01,2.976567356573775469e-02,2.115486679580191789e-03,2.043177850187374682e-03,2.102722477799065189e-04
-5.630112599395880046e-01,1.531390135800659025e-01,2.976567356573775469e-02,2.115486679580191789e-03,2.043177850187374682e-03,2.102722477799065189e-04
-5.630112599395880046e-01,1.531390135800659025e-01,2.976567356573775469e-02,2.115486679580191789e-03,2.043177850187374682e-03,2.102722477799065189e-04
-5.630112599395880046e-01,1.531390135800659025e-01,2.976567356573775469e-02,2.115486679580191789e-03,2.043177850187374682e-03,2.102722477799065189e-04
-5.630112599395880046e-01,1.531390135800659025e-01,2.976567356573775469e-02,2.115486679580191789e-03,2.043177850187374682e-03,2.102722477799065189e-04
-5.630112599395880046e-01,1.531390135800659025e-01,2.976567356573775469e-02,2.115486679580191789e-03,2.043177850187374682e-03,2.102722477799065189e-04
-5.630112599395880046e-01,1.531390135800659025e-01,2.976567356573775469e-02,2.115486679580191789e-03,2.043177850187374682e-03,2.102722477799065189e-04
-5.630112599395880046e-01,1.531390135800659025e-01,2.976567356573775469e-02,2.115486679580191789e-03,2.043177850187374682e-03,2.102722477799065189e-04
-5.630112599395880046e-01,1.531390135800659025e-01,2.976567356573775469e-02,2.115486679580191789e-03,2.043177850187374682e-03,2.102722477799065189e-04
-5.630112599395880046e-01,1.531390135800659025e-01,2.976567356573775469e-02,2.115486679580191789e-03,2.043177850187374682e-03,2.102722477799065189e-04
-5.630112599395880046e-01,1.531390135800659025e-01,2.976567356573775469e-02,2.115486679580191789e-03,2.043177850187374682e-03,2.102722477799065189e-04
-5.630112599395880046e-01,1.531390135800659025e-01,2.976567356573775469e-02,2.115486679580191789e-03,2.043177850187374682e-03,2.102722477799065189e-04
-5.604396501351101012e-01,1.357015598107630117e-01,2.766310193948460366e-02,2.780894867493638022e-03,2.627677375877079165e-03,2.739169629103188337e-04
-5.604396501351101012e-01,1.357015598107630117e-01,2.766310193948460366e-02,2.780894867493638022e-03,2.627677375877079165e-03,2.739169629103188337e-04
-5.604396501351101012e-01,1.357015598107630117e-01,2.766310193948460366e-02,2.780894867493638022e-03,2.627677375877079165e-03,2.739169629103188337e-04
-5.604396501351101012e-01,1.357015598107630117e-01,2.766310193948460366e-02,2.780894867493638022e-03,2.627677375877079165e-03,2.739169629103188337e-04
-5.604396501351101012e-01,1.357015598107630117e-01,2.766310193948460366e-02,2.780894867493638022e-03,2.627677375877079165e-03,2.739169629103188337e-04
-5.604396501351101012e-01,1.357015598107630117e-01,2.766310193948460366e-02,2.780894867493638022e-03,2.627677375877079165e-03,2.739169629103188337e-04
-5.604396501351101012e-01,1.357015598107630117e-01,2.766310193948460366e-02,2.780894867493638022e-03,2.627677375877079165e-03,2.739169629103188337e-04
-5.604396501351101012e-01,1.357015598107630117e-01,2.766310193948460366e-02,2.780894867493638022e-03,2.627677375877079165e-03,2.739169629103188337e-04
-5.604396501351101012e-01,1.357015598107630117e-01,2.766310193948460366e-02,2.780894867493638022e-03,2.627677375877079165e-03,2.739169629103188337e-04
-5.604396501351101012e-01,1.357015598107630117e-01,2.766310193948460366e-02,2.780894867493638022e-03,2.627677375877079165e-03,2.739169629103188337e-04
-5.604396501351101012e-01,1.357015598107630117e-01,2.766310193948460366e-02,2.780894867493638022e-03,2.627677375877079165e-03,2.739169629103188337e-04
-5.604396501351101012e-01,1.357015598107630117e-01,2.766310193948460366e-02,2.780894867493638022e-03,2.627677375877079165e-03,2.739169629103188337e-04
-5.604396501351101012e-01,1.357015598107630117e-01,2.766310193948460366e-02,2.780894867493638022e-03,2.627677375877079165e-03,2.739169629103188337e-04
-5.604396501351101012e-01,1.357015598107630117e-01,2.766310193948460366e-02,2.780894867493638022e-03,2.627677375877079165e-03,2.739169629103188337e-04
-5.604396501351101012e-01,1.357015598107630117e-01,2.766310193948460366e-02,2.780894867493638022e-03,2.627677375877079165e-03,2.739169629103188337e-04
-5.545334710623252006e-01,1.242323822237230702e-01,2.600890475715378694e-02,3.675037239553707522e-03,3.422342859592990630e-03,3.599495592733065186e-04
-5.545334710623252006e-01,1.242323822237230702e-01,2.600890475715378694e-02,3.675037239553707522e-03,3.422342859592990630e-03,3.599495592733065186e-04
-5.545334710623252006e-01,1.242323822237230702e-01,2.600890475715378694e-02,3.675037239553707522e-03,3.422342859592990630e-03,3.599495592733065186e-04
-5.545334710623252006e-01,1.242323822237230702e-01,2.600890475715378694e-02,3.675037239553707522e-03,3.422342859592990630e-03,3.599495592733065186e-04
-5.545334710623252006e-01,1.242323822237230702e-01,2.600890475715378694e-02,3.675037239553707522e-03,3.422342859592990630e-03,3.599495592733065186e-04
-5.545334710623252006e-01,1.242323822237230702e-01,2.600890475715378694e-02,3.675037239553707522e-03,3.422342859592990630e-03,3.599495592733065186e-04
-5.545334710623252006e-01,1.242323822237230702e-01,2.600890475715378694e-02,3.675037239553707522e-03,3.422342859592990630e-03,3.599495592733065186e-04
-5.545334710623252006e-01,1.242323822237230702e-01,2.600890475715378694e-02,3.675037239553707522e-03,3.422342859592990630e-03,3.599495592733065186e-04
-5.545334710623252006e-01,1.242323822237230702e-01,2.600890475715378694e-02,3.675037239553707522e-03,3.422342859592990630e-03,3.599495592733065186e-04
-5.545334710623252006e-01,1.242323822237230702e-01,2.600890475715378694e-02,3.675037239553707522e-03,3.422342859592990630e-03,3.599495592733065186e-04
-5.545334710623252006e-01,1.242323822237230702e-01,2.600890475715378694e-02,3.675037239553707522e-03,3.422342859592990630e-03,3.599495592733065186e-04
-5.545334710623252006e-01,1.242323822237230702e-01,2.600890475715378694e-02,3.675037239553707522e-03,3.422342859592990630e-03,3.599495592733065186e-04
-5.545334710623252006e-01,1.242323822237230702e-01,2.600890475715378694e-02,3.675037239553707522e-03,3.422342859592990630e-03,3.599495592733065186e-04
-5.545334710623252006e-01,1.242323822237230702e-01,2.600890475715378694e-02,3.675037239553707522e-03,3.422342859592990630e-03,3.599495592733065186e-04
-5.545334710623252006e-01,1.242323822237230702e-01,2.600890475715378694e-02,3.675037239553707522e-03,3.422342859592990630e-03,3.599495592733065186e-04
-5.423121017951791911e-01,1.218403195983177867e-01,2.569999388510830346e-02,4.672719266115953583e-03,4.267852195249770275e-03,4.538607739756004016e-04
-5.423121017951791911e-01,1.218403195983177867e-01,2.569999388510830346e-02,4.672719266115953583e-03,4.267852195249770275e-03,4.538607739756004016e-04
-5.423121017951791911e-01,1.218403195983177867e-01,2.569999388510830346e-02,4.672719266115953583e-03,4.267852195249770275e-03,4.538607739756004016e-04
-5.423121017951791911e-01,1.218403195983177867e-01,2.569999388510830346e-02,4.672719266115953583e-03,4.267852195249770275e-03,4.538607739756004016e-04
-5.423121017951791911e-01,1.218403195983177867e-01,2.569999388510830346e-02,4.672719266115953583e-03,4.267852195249770275e-03,4.538607739756004016e-04
-5.423121017951791911e-01,1.218403195983177867e-01,2.569999388510830346e-02,4.672719266115953583e-03,4.267852195249770275e-03,4.538607739756004016e-04
-5.423121017951791911e-01,1.218403195983177867e-01,2.569999388510830346e-02,4.672719266115953583e-03,4.267852195249770275e-03,4.538607739756004016e-04
-5.423121017951791911e-01,1.218403195983177867e-01,2.569999388510830346e-02,4.672719266115953583e-03,4.267852195249770275e-03,4.538607739756004016e-04
-5.423121017951791911e-01,1.218403195983177867e-01,2.569999388510830346e-02,4.672719266115953583e-03,4.267852195249770275e-03,4.538607739756004016e-04
-5.423121017951791911e-01,1.218403195983177867e-01,2.569999388510830346e-02,4.672719266115953583e-03,4.267852195249770275e-03,4.538607739756004016e-04
-5.423121017951791911e-01,1.218403195983177867e-01,2.569999388510830346e-02,4.672719266115953583e-03,4.267852195249770275e-03,4.538607739756004016e-04
-5.423121017951791911e-01,1.218403195983177867e-01,2.569999388510830346e-02,4.672719266115953583e-03,4.267852195249770275e-03,4.538607739756004016e-04
-5.423121017951791911e-01,1.218403195983177867e-01,2.569999388510830346e-02,4.672719266115953583e-03,4.267852195249770275e-03,4.538607739756004016e-04
-5.423121017951791911e-01,1.218403195983177867e-01,2.569999388510830346e-02,4.672719266115953583e-03,4.267852195249770275e-03,4.538607739756004016e-04
-5.423121017951791911e-01,1.218403195983177867e-01,2.569999388510830346e-02,4.672719266115953583e-03,4.267852195249770275e-03,4.538607739756004016e-04
-5.226962999946617172e-01,1.277985752387486573e-01,2.707279927401204031e-02,5.597418093754968904e-03,4.952758356609495219e-03,5.358726378928645694e-04
-5.226962999946617172e-01,1.277985752387486573e-01,2.707279927401204031e-02,5.597418093754968904e-03,4.952758356609495219e-03,5.358726378928645694e-04
-5.226962999946617172e-01,1.277985752387486573e-01,2.707279927401204031e-02,5.597418093754968904e-03,4.952758356609495219e-03,5.358726378928645694e-04
-5.226962999946617172e-01,1.277985752387486573e-01,2.707279927401204031e-02,5.597418093754968904e-03,4.952758356609495219e-03,5.358726378928645694e-04
-5.226962999946617172e-01,1.277985752387486573e-01,2.707279927401204031e-02,5.597418093754968904e-03,4.952758356609495219e-03,5.358726378928645694e-04
-5.226962999946617172e-01,1.277985752387486573e-01,2.707279927401204031e-02,5.597418093754968904e-03,4.952758356609495219e-03,5.358726378928645694e-04
-5.226962999946617172e-01,1.277985752387486573e-01,2.707279927401204031e-02,5.597418093754968904e-03,4.952758356609495219e-03,5.358726378928645694e-04
-5.226962999946617172e-01,1.277985752387486573e-01,2.707279927401204031e-02,5.597418093754968904e-03,4.952758356609495219e-03,5.358726378928645694e-04
-5.226962999946617172e-01,1.277985752387486573e-01,2.707279927401204031e-02,5.597418093754968904e-03,4.952758356609495219e-03,5.358726378928645694e-04
-5.226962999946617172e-01,1.277985752387486573e-01,2.707279927401204031e-02,5.597418093754968904e-03,4.952758356609495219e-03,5.358726378928645694e-04
-5.226962999946617172e-01,1.277985752387486573e-01,2.707279927401204031e-02,5.597418093754968904e-03,4.952758356609495219e-03,5.358726378928645694e-04
-5.226962999946617172e-01,1.277985752387486573e-01,2.707279927401204031e-02,5.597418093754968904e-03,4.952758356609495219e-03,5.358726378928645694e-04
-5.226962999946617172e-01,1.277985752387486573e-01,2.707279927401204031e-02,5.597418093754968904e-03,4.952758356609495219e-03,5.358726378928645694e-04
-5.226962999946617172e-01,1.277985752387486573e-01,2.707279927401204031e-02,5.597418093754968904e-03,4.952758356609495219e-03,5.358726378928645694e-04
-5.226962999946617172e-01,1.277985752387486573e-01,2.707279927401204031e-02,5.597418093754968904e-03,4.952758356609495219e-03,5.358726378928645694e-04
-4.971584692588562615e-01,1.380506751818938727e-01,2.963013556294290599e-02,6.334007476218798775e-03,5.378123907589681639e-03,5.950747338478388484e-04
-4.971584692588562615e-01,1.380506751818938727e-01,2.963013556294290599e-02,6.334007476218798775e-03,5.378123907589681639e-03,5.950747338478388484e-04
-4.971584692588562615e-01,1.380506751818938727e-01,2.963013556294290599e-02,6.334007476218798775e-03,5.378123907589681639e-03,5.950747338478388484e-04
-4.971584692588562615e-01,1.380506751818938727e-01,2.963013556294290599e-02,6.334007476218798775e-03,5.378123907589681639e-03,5.950747338478388484e-04
-4.971584692588562615e-01,1.380506751818938727e-01,2.963013556294290599e-02,6.334007476218798775e-03,5.378123907589681639e-03,5.950747338478388484e-04
-4.971584692588562615e-01,1.380506751818938727e-01,2.963013556294290599e-02,6.334007476218798775e-03,5.378123907589681639e-03,5.950747338478388484e-04
-4.971584692588562615e-01,1.380506751818938727e-01,2.963013556294290599e-02,6.334007476218798775e-03,5.378123907589681639e-03,5.950747338478388484e-04
-4.971584692588562615e-01,1.380506751818938727e-01,2.963013556294290599e-02,6.334007476218798775e-03,5.378123907589681639e-03,5.950747338478388484e-04
-4.971584692588562615e-01,1.380506751818938727e-01,2.963013556294290599e-02,6.334007476218798775e-03,5.378123907589681639e-03,5.950747338478388484e-04
-4.971584692588562615e-01,1.380506751818938727e-01,2.963013556294290599e-02,6.334007476218798775e-03,5.378123907589681639e-03,5.950747338478388484e-04
-4.971584692588562615e-01,1.380506751818938727e-01,2.963013556294290599e-02,6.334007476218798775e-03,5.378123907589681639e-03,5.950747338478388484e-04
-4.971584692588562615e-01,1.380506751818938727e-01,2.963013556294290599e-02,6.334007476218798775e-03,5.378123907589681639e-03,5.950747338478388484e-04
-4.971584692588562615e-01,1.380506751818938727e-01,2.963013556294290599e-02,6.334007476218798775e-03,5.378123907589681639e-03,5.950747338478388484e-04
-4.971584692588562615e-01,1.380506751818938727e-01,2.963013556294290599e-02,6.334007476218798775e-03,5.378123907589681639e-03,5.950747338478388484e-04
-4.971584692588562615e-01,1.380506751818938727e-01,2.963013556294290599e-02,6.334007476218798775e-03,5.378123907589681639e-03,5.950747338478388484e-04
-4.682032012214184524e-01,1.486506245798444592e-01,3.259368022058362069e-02,6.867356633804650064e-03,5.578147584148279541e-03,6.324397442880821691e-04
-4.682032012214184524e-01,1.486506245798444592e-01,3.259368022058362069e-02,6.867356633804650064e-03,5.578147584148279541e-03,6.324397442880821691e-04
-4.682032012214184524e-01,1.486506245798444592e-01,3.259368022058362069e-02,6.867356633804650064e-03,5.578147584148279541e-03,6.324397442880821691e-04
-4.682032012214184524e-01,1.486506245798444592e-01,3.259368022058362069e-02,6.867356633804650064e-03,5.578147584148279541e-03,6.324397442880821691e-04
-4.682032012214184524e-01,1.486506245798444592e-01,3.259368022058362069e-02,6.867356633804650064e-03,5.578147584148279541e-03,6.324397442880821691e-04
-4.682032012214184524e-01,1.486506245798444592e-01,3.259368022058362069e-02,6.867356633804650064e-03,5.578147584148279541e-03,6.324397442880821691e-04
-4.682032012214184524e-01,1.486506245798444592e-01,3.259368022058362069e-02,6.867356633804650064e-03,5.578147584148279541e-03,6.324397442880821691e-04
-4.682032012214184524e-01,1.486506245798444592e-01,3.259368022058362069e-02,6.867356633804650064e-03,5.578147584148279541e-03,6.324397442880821691e-04
-4.682032012214184524e-01,1.486506245798444592e-01,3.259368022058362069e-02,6.867356633804650064e-03,5.578147584148279541e-03,6.324397442880821691e-04
-4.682032012214184524e-01,1.486506245798444592e-01,3.259368022058362069e-02,6.867356633804650064e-03,5.578147584148279541e-03,6.324397442880821691e-04
-4.682032012214184524e-01,1.486506245798444592e-01,3.259368022058362069e-02,6.867356633804650064e-03,5.578147584148279541e-03,6.324397442880821691e-04
-4.682032012214184524e-01,1.486506245798444592e-01,3.259368022058362069e-02,6.867356633804650064e-03,5.578147584148279541e-03,6.324397442880821691e-04
-4.682032012214184524e-01,1.486506245798444592e-01,3.259368022058362069e-02,6.867356633804650064e-03,5.578147584148279541e-03,6.324397442880821691e-04
-4.682032012214184524e-01,1.486506245798444592e-01,3.259368022058362069e-02,6.867356633804650064e-03,5.578147584148279541e-03,6.324397442880821691e-04
-4.682032012214184524e-01,1.486506245798444592e-01,3.259368022058362069e-02,6.867356633804650064e-03,5.578147584148279541e-03,6.324397442880821691e-04
-4.378367742899166859e-01,1.575042803855283557e-01,3.540358441359811592e-02,7.240377090332949551e-03,5.632803424264500730e-03,6.542286144697012206e-04
-4.378367742899166859e-01,1.575042803855283557e-01,3.540358441359811592e-02,7.240377090332949551e-03,5.632803424264500730e-03,6.542286144697012206e-04
-4.378367742899166859e-01,1.575042803855283557e-01,3.540358441359811592e-02,7.240377090332949551e-03,5.632803424264500730e-03,6.542286144697012206e-04
-4.378367742899166859e-01,1.575042803855283557e-01,3.540358441359811592e-02,7.240377090332949551e-03,5.632803424264500730e-03,6.542286144697012206e-04
-4.378367742899166859e-01,1.575042803855283557e-01,3.540358441359811592e-02,7.240377090332949551e-03,5.632803424264500730e-03,6.542286144697012206e-04
-4.378367742899166859e-01,1.575042803855283557e-01,3.540358441359811592e-02,7.240377090332949551e-03,5.632803424264500730e-03,6.542286144697012206e-04
-4.378367742899166859e-01,1.575042803855283557e-01,3.540358441359811592e-02,7.240377090332949551e-03,5.632803424264500730e-03,6.542286144697012206e-04
-4.378367742899166859e-01,1.575042803855283557e-01,3.540358441359811592e-02,7.240377090332949551e-03,5.632803424264500730e-03,6.542286144697012206e-04
-4.378367742899166859e-01,1.575042803855283557e-01,3.540358441359811592e-02,7.240377090332949551e-03,5.632803424264500730e-03,6.542286144697012206e-04
-4.378367742899166859e-01,1.575042803855283557e-01,3.540358441359811592e-02,7.240377090332949551e-03,5.632803424264500730e-03,6.542286144697012206e-04
-4.378367742899166859e-01,1.575042803855283557e-01,3.540358441359811592e-02,7.240377090332949551e-03,5.632803424264500730e-03,6.542286144697012206e-04
-4.378367742899166859e-01,1.575042803855283557e-01,3.540358441359811592e-02,7.240377090332949551e-03,5.632803424264500730e-03,6.542286144697012206e-04
-4.378367742899166859e-01,1.575042803855283557e-01,3.540358441359811592e-02,7.240377090332949551e-03,5.632803424264500730e-03,6.542286144697012206e-04
-4.378367742899166859e-01,1.575042803855283557e-01,3.540358441359811592e-02,7.240377090332949551e-03,5.632803424264500730e-03,6.542286144697012206e-04
-4.378367742899166859e-01,1.575042803855283557e-01,3.540358441359811592e-02,7.240377090332949551e-03,5.632803424264500730e-03,6.542286144697012206e-04
-4.071142343024242716e-01,1.646068893150633150e-01,3.783131425049097302e-02,7.541701491578109429e-03,5.731867177251890981e-03,6.689123340555098388e-04
-4.071142343024242716e-01,1.646068893150633150e-01,3.783131425049097302e-02,7.541701491578109429e-03,5.731867177251890981e-03,6.689123340555098388e-04
-4.071142343024242716e-01,1.646068893150633150e-01,3.783131425049097302e-02,7.541701491578109429e-03,5.731867177251890981e-03,6.689123340555098388e-04
-4.071142343024242716e-01,1.646068893150633150e-01,3.783131425049097302e-02,7.541701491578109429e-03,5.731867177251890981e-03,6.689123340555098388e-04
-4.071142343024242716e-01,1.646068893150633150e-01,3.783131425049097302e-02,7.541701491578109429e-03,5.731867177251890981e-03,6.689123340555098388e-04
-4.071142343024242716e-01,1.646068893150633150e-01,3.783131425049097302e-02,7.541701491578109429e-03,5.731867177251890981e-03,6.689123340555098388e-04
-4.071142343024242716e-01,1.646068893150633150e-01,3.783131425049097302e-02,7.541701491578109429e-03,5.731867177251890981e-03,6.689123340555098388e-04
-4.071142343024242716e-01,1.646068893150633150e-01,3.783131425049097302e-02,7.541701491578109429e-03,5.731867177251890981e-03,6.689123340555098388e-04
-4.071142343024242716e-01,1.646068893150633150e-01,3.783131425049097302e-02,7.541701491578109429e-03,5.731867177251890981e-03,6.689123340555098388e-04
-4.071142343024242716e-01,1.646068893150633150e-01,3.783131425049097302e-02,7.541701491578109429e-03,5.731867177251890981e-03,6.689123340555098388e-04
-4.071142343024242716e-01,1.646068893150633150e-01,3.783131425049097302e-02,7.541701491578109429e-03,5.731867177251890981e-03,6.689123340555098388e-04
-4.071142343024242716e-01,1.646068893150633150e-01,3.783131425049097302e-02,7.541701491578109429e-03,5.731867177251890981e-03,6.689123340555098388e-04
-4.071142343024242716e-01,1.646068893150633150e-01,3.783131425049097302e-02,7.541701491578109429e-03,5.731867177251890981e-03,6.689123340555098388e-04
-4.071142343024242716e-01,1.646068893150633150e-01,3.783131425049097302e-02,7.541701491578109429e-03,5.731867177251890981e-03,6.689123340555098388e-04
-4.071142343024242716e-01,1.646068893150633150e-01,3.783131425049097302e-02,7.541701491578109429e-03,5.731867177251890981e-03,6.689123340555098388e-04
-3.767167435819171462e-01,1.684574286848981584e-01,3.967506023478056809e-02,7.736085413881745032e-03,5.627881259067840473e-03,6.753535307175047298e-04
-3.767167435819171462e-01,1.684574286848981584e-01,3.967506023478056809e-02,7.736085413881745032e-03,5.627881259067840473e-03,6.753535307175047298e-04
-3.767167435819171462e-01,1.684574286848981584e-01,3.967506023478056809e-02,7.736085413881745032e-03,5.627881259067840473e-03,6.753535307175047298e-04
-3.767167435819171462e-01,1.684574286848981584e-01,3.967506023478056809e-02,7.736085413881745032e-03,5.627881259067840473e-03,6.753535307175047298e-04
-3.767167435819171462e-01,1.684574286848981584e-01,3.967506023478056809e-02,7.736085413881745032e-03,5.627881259067840473e-03,6.753535307175047298e-04
-3.767167435819171462e-01,1.684574286848981584e-01,3.967506023478056809e-02,7.736085413881745032e-03,5.627881259067840473e-03,6.753535307175047298e-04
-3.767167435819171462e-01,1.684574286848981584e-01,3.967506023478056809e-02,7.736085413881745032e-03,5.627881259067840473e-03,6.753535307175047298e-04
-3.767167435819171462e-01,1.684574286848981584e-01,3.967506023478056809e-02,7.736085413881745032e-03,5.627881259067840473e-03,6.753535307175047298e-04
-3.767167435819171462e-01,1.684574286848981584e-01,3.967506023478056809e-02,7.736085413881745032e-03,5.627881259067840473e-03,6.753535307175047298e-04
-3.767167435819171462e-01,1.684574286848981584e-01,3.967506023478056809e-02,7.736085413881745032e-03,5.627881259067840473e-03,6.753535307175047298e-04
-3.767167435819171462e-01,1.684574286848981584e-01,3.967506023478056809e-02,7.736085413881745032e-03,5.627881259067840473e-03,6.753535307175047298e-04
-3.767167435819171462e-01,1.684574286848981584e-01,3.967506023478056809e-02,7.736085413881745032e-03,5.627881259067840473e-03,6.753535307175047298e-04
-3.767167435819171462e-01,1.684574286848981584e-01,3.967506023478056809e-02,7.736085413881745032e-03,5.627881259067840473e-03,6.753535307175047298e-04
-3.767167435819171462e-01,1.684574286848981584e-01,3.967506023478056809e-02,7.736085413881745032e-03,5.627881259067840473e-03,6.753535307175047298e-04
-3.767167435819171462e-01,1.684574286848981584e-01,3.967506023478056809e-02,7.736085413881745032e-03,5.627881259067840473e-03,6.753535307175047298e-04
-3.467356631015559576e-01,1.702258480738679802e-01,4.099072016527564172e-02,7.909152776455661074e-03,5.535576327041900023e-03,6.803350129245920716e-04
-3.467356631015559576e-01,1.702258480738679802e-01,4.099072016527564172e-02,7.909152776455661074e-03,5.535576327041900023e-03,6.803350129245920716e-04
-3.467356631015559576e-01,1.702258480738679802e-01,4.099072016527564172e-02,7.909152776455661074e-03,5.535576327041900023e-03,6.803350129245920716e-04
-3.467356631015559576e-01,1.702258480738679802e-01,4.099072016527564172e-02,7.909152776455661074e-03,5.535576327041900023e-03,6.803350129245920716e-04
-3.467356631015559576e-01,1.702258480738679802e-01,4.099072016527564172e-02,7.909152776455661074e-03,5.535576327041900023e-03,6.803350129245920716e-04
-3.467356631015559576e-01,1.702258480738679802e-01,4.099072016527564172e-02,7.909152776455661074e-03,5.535576327041900023e-03,6.803350129245920716e-04
-3.467356631015559576e-01,1.702258480738679802e-01,4.099072016527564172e-02,7.909152776455661074e-03,5.535576327041900023e-03,6.803350129245920716e-04
-3.467356631015559576e-01,1.702258480738679802e-01,4.099072016527564172e-02,7.909152776455661074e-03,5.535576327041900023e-03,6.803350129245920716e-04
-3.467356631015559576e-01,1.702258480738679802e-01,4.099072016527564172e-02,7.909152776455661074e-03,5.535576327041900023e-03,6.803350129245920716e-04
-3.467356631015559576e-01,1.702258480738679802e-01,4.099072016527564172e-02,7.909152776455661074e-03,5.535576327041900023e-03,6.803350129245920716e-04
-3.467356631015559576e-01,1.702258480738679802e-01,4.099072016527564172e-02,7.909152776455661074e-03,5.535576327041900023e-03,6.803350129245920716e-04
-3.467356631015559576e-01,1.702258480738679802e-01,4.099072016527564172e-02,7.909152776455661074e-03,5.535576327041900023e-03,6.803350129245920716e-04
-3.467356631015559576e-01,1.702258480738679802e-01,4.099072016527564172e-02,7.909152776455661074e-03,5.535576327041900023e-03,6.803350129245920716e-04
-3.467356631015559576e-01,1.702258480738679802e-01,4.099072016527564172e-02,7.909152776455661074e-03,5.535576327041900023e-03,6.803350129245920716e-04
-3.467356631015559576e-01,1.702258480738679802e-01,4.099072016527564172e-02,7.909152776455661074e-03,5.535576327041900023e-03,6.803350129245920716e-04
-3.171947042441826126e-01,1.701433436915030517e-01,4.182019030163351692e-02,8.116056919055508745e-03,5.479776095221764072e-03,6.876566645884085336e-04
-3.171947042441826126e-01,1.701433436915030517e-01,4.182019030163351692e-02,8.116056919055508745e-03,5.479776095221764072e-03,6.876566645884085336e-04
-3.171947042441826126e-01,1.701433436915030517e-01,4.182019030163351692e-02,8.116056919055508745e-03,5.479776095221764072e-03,6.876566645884085336e-04
-3.171947042441826126e-01,1.701433436915030517e-01,4.182019030163351692e-02,8.116056919055508745e-03,5.479776095221764072e-03,6.876566645884085336e-04
-3.171947042441826126e-01,1.701433436915030517e-01,4.182019030163351692e-02,8.116056919055508745e-03,5.479776095221764072e-03,6.876566645884085336e-04
-3.171947042441826126e-01,1.701433436915030517e-01,4.182019030163351692e-02,8.116056919055508745e-03,5.479776095221764072e-03,6.876566645884085336e-04
-3.171947042441826126e-01,1.701433436915030517e-01,4.182019030163351692e-02,8.116056919055508745e-03,5.479776095221764072e-03,6.876566645884085336e-04
-3.171947042441826126e-01,1.701433436915030517e-01,4.182019030163351692e-02,8.116056919055508745e-03,5.479776095221764072e-03,6.876566645884085336e-04
-3.171947042441826126e-01,1.701433436915030517e-01,4.182019030163351692e-02,8.116056919055508745e-03,5.479776095221764072e-03,6.876566645884085336e-04
-3.171947042441826126e-01,1.701433436915030517e-01,4.182019030163351692e-02,8.116056919055508745e-03,5.479776095221764072e-03,6.876566645884085336e-04
-3.171947042441826126e-01,1.701433436915030517e-01,4.182019030163351692e-02,8.116056919055508745e-03,5.479776095221764072e-03,6.876566645884085336e-04
-3.171947042441826126e-01,1.701433436915030517e-01,4.182019030163351692e-02,8.116056919055508745e-03,5.479776095221764072e-03,6.876566645884085336e-04
-3.171947042441826126e-01,1.701433436915030517e-01,4.182019030163351692e-02,8.116056919055508745e-03,5.479776095221764072e-03,6.876566645884085336e-04
-3.171947042441826126e-01,1.701433436915030517e-01,4.182019030163351692e-02,8.116056919055508745e-03,5.479776095221764072e-03,6.876566645884085336e-04
-3.171947042441826126e-01,1.701433436915030517e-01,4.182019030163351692e-02,8.116056919055508745e-03,5.479776095221764072e-03,6.876566645884085336e-04
-2.878935707875456829e-01,1.673727878389316970e-01,4.179470342681418371e-02,8.161707480254600661e-03,5.370862371759240264e-03,6.813390961144134015e-04
-2.878935707875456829e-01,1.673727878389316970e-01,4.179470342681418371e-02,8.161707480254600661e-03,5.370862371759240264e-03,6.813390961144134015e-04
-2.878935707875456829e-01,1.673727878389316970e-01,4.179470342681418371e-02,8.161707480254600661e-03,5.370862371759240264e-03,6.813390961144134015e-04
-2.878935707875456829e-01,1.673727878389316970e-01,4.179470342681418371e-02,8.161707480254600661e-03,5.370862371759240264e-03,6.813390961144134015e-04
-2.878935707875456829e-01,1.673727878389316970e-01,4.179470342681418371e-02,8.161707480254600661e-03,5.370862371759240264e-03,6.813390961144134015e-04
-2.878935707875456829e-01,1.673727878389316970e-01,4.179470342681418371e-02,8.161707480254600661e-03,5.370862371759240264e-03,6.813390961144134015e-04
-2.878935707875456829e-01,1.673727878389316970e-01,4.179470342681418371e-02,8.161707480254600661e-03,5.370862371759240264e-03,6.813390961144134015e-04
-2.878935707875456829e-01,1.673727878389316970e-01,4.179470342681418371e-02,8.161707480254600661e-03,5.370862371759240264e-03,6.813390961144134015e-04
-2.878935707875456829e-01,1.673727878389316970e-01,4.179470342681418371e-02,8.161707480254600661e-03,5.370862371759240264e-03,6.813390961144134015e-04
-2.878935707875456829e-01,1.673727878389316970e-01,4.179470342681418371e-02,8.161707480254600661e-03,5.370862371759240264e-03,6.813390961144134015e-04
-2.878935707875456829e-01,1.673727878389316970e-01,4.179470342681418371e-02,8.161707480254600661e-03,5.370862371759240264e-03,6.813390961144134015e-04
-2.878935707875456829e-01,1.673727878389316970e-01,4.179470342681418371e-02,8.161707480254600661e-03,5.370862371759240264e-03,6.813390961144134015e-04
-2.878935707875456829e-01,1.673727878389316970e-01,4.179470342681418371e-02,8.161707480254600661e-03,5.370862371759240264e-03,6.813390961144134015e-04
-2.878935707875456829e-01,1.673727878389316970e-01,4.179470342681418371e-02,8.161707480254600661e-03,5.370862371759240264e-03,6.813390961144134015e-04
-2.878935707875456829e-01,1.673727878389316970e-01,4.179470342681418371e-02,8.161707480254600661e-03,5.370862371759240264e-03,6.813390961144134015e-04
-2.584577711530802180e-01,1.630694829418043168e-01,4.138648245075498416e-02,8.383031888170515422e-03,5.389641589590935672e-03,6.831357120923921842e-04
-2.584577711530802180e-01,1.630694829418043168e-01,4.138648245075498416e-02,8.383031888170515422e-03,5.389641589590935672e-03,6.831357120923921842e-04
-2.584577711530802180e-01,1.630694829418043168e-01,4.138648245075498416e-02,8.383031888170515422e-03,5.389641589590935672e-03,6.831357120923921842e-04
-2.584577711530802180e-01,1.630694829418043168e-01,4.138648245075498416e-02,8.383031888170515422e-03,5.389641589590935672e-03,6.831357120923921842e-04
-2.584577711530802180e-01,1.630694829418043168e-01,4.138648245075498416e-02,8.383031888170515422e-03,5.389641589590935672e-03,6.831357120923921842e-04
-2.584577711530802180e-01,1.630694829418043168e-01,4.138648245075498416e-02,8.383031888170515422e-03,5.389641589590935672e-03,6.831357120923921842e-04
-2.584577711530802180e-01,1.630694829418043168e-01,4.138648245075498416e-02,8.383031888170515422e-03,5.389641589590935672e-03,6.831357120923921842e-04
-2.584577711530802180e-01,1.630694829418043168e-01,4.138648245075498416e-02,8.383031888170515422e-03,5.389641589590935672e-03,6.831357120923921842e-04
-2.584577711530802180e-01,1.630694829418043168e-01,4.138648245075498416e-02,8.383031888170515422e-03,5.389641589590935672e-03,6.831357120923921842e-04
-2.584577711530802180e-01,1.630694829418043168e-01,4.138648245075498416e-02,8.383031888170515422e-03,5.389641589590935672e-03,6.831357120923921842e-04
-2.584577711530802180e-01,1.630694829418043168e-01,4.138648245075498416e-02,8.383031888170515422e-03,5.389641589590935672e-03,6.831357120923921842e-04
-2.584577711530802180e-01,1.630694829418043168e-01,4.138648245075498416e-02,8.383031888170515422e-03,5.389641589590935672e-03,6.831357120923921842e-04
-2.584577711530802180e-01,1.630694829418043168e-01,4.138648245075498416e-02,8.383031888170515422e-03,5.389641589590935672e-03,6.831357120923921842e-04
-2.584577711530802180e-01,1.630694829418043168e-01,4.138648245075498416e-02,8.383031888170515422e-03,5.389641589590935672e-03,6.831357120923921842e-04
-2.584577711530802180e-01,1.630694829418043168e-01,4.138648245075498416e-02,8.383031888170515422e-03,5.389641589590935672e-03,6.831357120923921842e-04
-2.278720537023468662e-01,1.569073119100678759e-01,4.044386200229766609e-02,8.841102915873089163e-03,5.598660269749558722e-03,6.894184885316922235e-04
-2.278720537023468662e-01,1.569073119100678759e-01,4.044386200229766609e-02,8.841102915873089163e-03,5.598660269749558722e-03,6.894184885316922235e-04
-2.278720537023468662e-01,1.569073119100678759e-01,4.044386200229766609e-02,8.841102915873089163e-03,5.598660269749558722e-03,6.894184885316922235e-04
-2.278720537023468662e-01,1.569073119100678759e-01,4.044386200229766609e-02,8.841102915873089163e-03,5.598660269749558722e-03,6.894184885316922235e-04
-2.278720537023468662e-01,1.569073119100678759e-01,4.044386200229766609e-02,8.841102915873089163e-03,5.598660269749558722e-03,6.894184885316922235e-04
-2.278720537023468662e-01,1.569073119100678759e-01,4.044386200229766609e-02,8.841102915873089163e-03,5.598660269749558722e-03,6.894184885316922235e-04
-2.278720537023468662e-01,1.569073119100678759e-01,4.044386200229766609e-02,8.841102915873089163e-03,5.598660269749558722e-03,6.894184885316922235e-04
-2.278720537023468662e-01,1.569073119100678759e-01,4.044386200229766609e-02,8.841102915873089163e-03,5.598660269749558722e-03,6.894184885316922235e-04
-2.278720537023468662e-01,1.569073119100678759e-01,4.044386200229766609e-02,8.841102915873089163e-03,5.598660269749558722e-03,6.894184885316922235e-04
-2.278720537023468662e-01,1.569073119100678759e-01,4.044386200229766609e-02,8.841102915873089163e-03,5.598660269749558722e-03,6.894184885316922235e-04
-2.278720537023468662e-01,1.569073119100678759e-01,4.044386200229766609e-02,8.841102915873089163e-03,5.598660269749558722e-03,6.894184885316922235e-04
-2.278720537023468662e-01,1.569073119100678759e-01,4.044386200229766609e-02,8.841102915873089163e-03,5.598660269749558722e-03,6.894184885316922235e-04
-2.278720537023468662e-01,1.569073119100678759e-01,4.044386200229766609e-02,8.841102915873089163e-03,5.598660269749558722e-03,6.894184885316922235e-04
-2.278720537023468662e-01,1.569073119100678759e-01,4.044386200229766609e-02,8.841102915873089163e-03,5.598660269749558722e-03,6.894184885316922235e-04
-2.278720537023468662e-01,1.569073119100678759e-01,4.044386200229766609e-02,8.841102915873089163e-03,5.598660269749558722e-03,6.894184885316922235e-04
-1.937077097122205382e-01,1.483038730422101270e-01,3.898583693386439147e-02,9.935409829436438883e-03,6.201223711787104582e-03,6.948270798147761738e-04
-1.937077097122205382e-01,1.483038730422101270e-01,3.898583693386439147e-02,9.935409829436438883e-03,6.201223711787104582e-03,6.948270798147761738e-04
-1.937077097122205382e-01,1.483038730422101270e-01,3.898583693386439147e-02,9.935409829436438883e-03,6.201223711787104582e-03,6.948270798147761738e-04
-1.937077097122205382e-01,1.483038730422101270e-01,3.898583693386439147e-02,9.935409829436438883e-03,6.201223711787104582e-03,6.948270798147761738e-04
-1.937077097122205382e-01,1.483038730422101270e-01,3.898583693386439147e-02,9.935409829436438883e-03,6.201223711787104582e-03,6.948270798147761738e-04
-1.937077097122205382e-01,1.483038730422101270e-01,3.898583693386439147e-02,9.935409829436438883e-03,6.201223711787104582e-03,6.948270798147761738e-04
-1.937077097122205382e-01,1.483038730422101270e-01,3.898583693386439147e-02,9.935409829436438883e-03,6.201223711787104582e-03,6.948270798147761738e-04
-1.937077097122205382e-01,1.483038730422101270e-01,3.898583693386439147e-02,9.935409829436438883e-03,6.201223711787104582e-03,6.948270798147761738e-04
-1.937077097122205382e-01,1.483038730422101270e-01,3.898583693386439147e-02,9.935409829436438883e-03,6.201223711787104582e-03,6.948270798147761738e-04
-1.937077097122205382e-01,1.483038730422101270e-01,3.898583693386439147e-02,9.935409829436438883e-03,6.201223711787104582e-03,6.948270798147761738e-04
-1.937077097122205382e-01,1.483038730422101270e-01,3.898583693386439147e-02,9.935409829436438883e-03,6.201223711787104582e-03,6.948270798147761738e-04
-1.937077097122205382e-01,1.483038730422101270e-01,3.898583693386439147e-02,9.935409829436438883e-03,6.201223711787104582e-03,6.948270798147761738e-04
-1.937077097122205382e-01,1.483038730422101270e-01,3.898583693386439147e-02,9.935409829436438883e-03,6.201223711787104582e-03,6.948270798147761738e-04
-1.937077097122205382e-01,1.483038730422101270e-01,3.898583693386439147e-02,9.935409829436438883e-03,6.201223711787104582e-03,6.948270798147761738e-04
-1.937077097122205382e-01,1.483038730422101270e-01,3.898583693386439147e-02,9.935409829436438883e-03,6.201223711787104582e-03,6.948270798147761738e-04
-1.524559097327484458e-01,1.370946305104870921e-01,3.661543003887096637e-02,1.259622564692315996e-02,7.537307717244643053e-03,6.925019158259355847e-04
-1.524559097327484458e-01,1.370946305104870921e-01,3.661543003887096637e-02,1.259622564692315996e-02,7.537307717244643053e-03,6.925019158259355847e-04
-1.524559097327484458e-01,1.370946305104870921e-01,3.661543003887096637e-02,1.259622564692315996e-02,7.537307717244643053e-03,6.925019158259355847e-04
-1.524559097327484458e-01,1.370946305104870921e-01,3.661543003887096637e-02,1.259622564692315996e-02,7.537307717244643053e-03,6.925019158259355847e-04
-1.524559097327484458e-01,1.370946305104870921e-01,3.661543003887096637e-02,1.259622564692315996e-02,7.537307717244643053e-03,6.925019158259355847e-04
-1.524559097327484458e-01,1.370946305104870921e-01,3.661543003887096637e-02,1.259622564692315996e-02,7.537307717244643053e-03,6.925019158259355847e-04
-1.524559097327484458e-01,1.370946305104870921e-01,3.661543003887096637e-02,1.259622564692315996e-02,7.537307717244643053e-03,6.925019158259355847e-04
-1.524559097327484458e-01,1.370946305104870921e-01,3.661543003887096637e-02,1.259622564692315996e-02,7.537307717244643053e-03,6.925019158259355847e-04
-1.524559097327484458e-01,1.370946305104870921e-01,3.661543003887096637e-02,1.259622564692315996e-02,7.537307717244643053e-03,6.925019158259355847e-04
-1.524559097327484458e-01,1.370946305104870921e-01,3.661543003887096637e-02,1.259622564692315996e-02,7.537307717244643053e-03,6.925019158259355847e-04
-1.524559097327484458e-01,1.370946305104870921e-01,3.661543003887096637e-02,1.259622564692315996e-02,7.537307717244643053e-03,6.925019158259355847e-04
-1.524559097327484458e-01,1.370946305104870921e-01,3.661543003887096637e-02,1.259622564692315996e-02,7.537307717244643053e-03,6.925019158259355847e-04
-1.524559097327484458e-01,1.370946305104870921e-01,3.661543003887096637e-02,1.259622564692315996e-02,7.537307717244643053e-03,6.925019158259355847e-04
-1.524559097327484458e-01,1.370946305104870921e-01,3.661543003887096637e-02,1.259622564692315996e-02,7.537307717244643053e-03,6.925019158259355847e-04
-1.524559097327484458e-01,1.370946305104870921e-01,3.661543003887096637e-02,1.259622564692315996e-02,7.537307717244643053e-03,6.925019158259355847e-04
-1.033002936818451234e-01,1.233356223404924179e-01,3.439680600213138734e-02,1.877310392984945370e-02,9.648773462259433234e-03,7.050653612290484632e-04
-1.033002936818451234e-01,1.233356223404924179e-01,3.439680600213138734e-02,1.877310392984945370e-02,9.648773462259433234e-03,7.050653612290484632e-04
-1.033002936818451234e-01,1.233356223404924179e-01,3.439680600213138734e-02,1.877310392984945370e-02,9.648773462259433234e-03,7.050653612290484632e-04
-1.033002936818451234e-01,1.233356223404924179e-01,3.439680600213138734e-02,1.877310392984945370e-02,9.648773462259433234e-03,7.050653612290484632e-04
-1.033002936818451234e-01,1.233356223404924179e-01,3.439680600213138734e-02,1.877310392984945370e-02,9.648773462259433234e-03,7.050653612290484632e-04
-1.033002936818451234e-01,1.233356223404924179e-01,3.439680600213138734e-02,1.877310392984945370e-02,9.648773462259433234e-03,7.050653612290484632e-04
-1.033002936818451234e-01,1.233356223404924179e-01,3.439680600213138734e-02,1.877310392984945370e-02,9.648773462259433234e-03,7.050653612290484632e-04
-1.033002936818451234e-01,1.233356223404924179e-01,3.439680600213138734e-02,1.877310392984945370e-02,9.648773462259433234e-03,7.050653612290484632e-04
-1.033002936818451234e-01,1.233356223404924179e-01,3.439680600213138734e-02,1.877310392984945370e-02,9.648773462259433234e-03,7.050653612290484632e-04
-1.033002936818451234e-01,1.233356223404924179e-01,3.439680600213138734e-02,1.877310392984945370e-02,9.648773462259433234e-03,7.050653612290484632e-04
-1.033002936818451234e-01,1.233356223404924179e-01,3.439680600213138734e-02,1.877310392984945370e-02,9.648773462259433234e-03,7.050653612290484632e-04
-1.033002936818451234e-01,1.233356223404924179e-01,3.439680600213138734e-02,1.877310392984945370e-02,9.648773462259433234e-03,7.050653612290484632e-04
-1.033002936818451234e-01,1.233356223404924179e-01,3.439680600213138734e-02,1.877310392984945370e-02,9.648773462259433234e-03,7.050653612290484632e-04
-1.033002936818451234e-01,1.233356223404924179e-01,3.439680600213138734e-02,1.877310392984945370e-02,9.648773462259433234e-03,7.050653612290484632e-04
-1.033002936818451234e-01,1.233356223404924179e-01,3.439680600213138734e-02,1.877310392984945370e-02,9.648773462259433234e-03,7.050653612290484632e-04
-5.342656038074072161e-02,1.078395942134805358e-01,3.206895212870277539e-02,3.020036884589813106e-02,1.155895106413135434e-02,7.257407487500543630e-04
-5.342656038074072161e-02,1.078395942134805358e-01,3.206895212870277539e-02,3.020036884589813106e-02,1.155895106413135434e-02,7.257407487500543630e-04
-5.342656038074072161e-02,1.078395942134805358e-01,3.206895212870277539e-02,3.020036884589813106e-02,1.155895106413135434e-02,7.257407487500543630e-04
-5.342656038074072161e-02,1.078395942134805358e-01,3.206895212870277539e-02,3.020036884589813106e-02,1.155895106413135434e-02,7.257407487500543630e-04
-5.342656038074072161e-02,1.078395942134805358e-01,3.206895212870277539e-02,3.020036884589813106e-02,1.155895106413135434e-02,7.257407487500543630e-04
-5.342656038074072161e-02,1.078395942134805358e-01,3.206895212870277539e-02,3.020036884589813106e-02,1.155895106413135434e-02,7.257407487500543630e-04
-5.342656038074072161e-02,1.078395942134805358e-01,3.206895212870277539e-02,3.020036884589813106e-02,1.155895106413135434e-02,7.257407487500543630e-04
-5.342656038074072161e-02,1.078395942134805358e-01,3.206895212870277539e-02,3.020036884589813106e-02,1.155895106413135434e-02,7.257407487500543630e-04
-5.342656038074072161e-02,1.078395942134805358e-01,3.206895212870277539e-02,3.020036884589813106e-02,1.155895106413135434e-02,7.257407487500543630e-04
-5.342656038074072161e-02,1.078395942134805358e-01,3.206895212870277539e-02,3.020036884589813106e-02,1.155895106413135434e-02,7.257407487500543630e-04
-5.342656038074072161e-02,1.078395942134805358e-01,3.206895212870277539e-02,3.020036884589813106e-02,1.155895106413135434e-02,7.257407487500543630e-04
-5.342656038074072161e-02,1.078395942134805358e-01,3.206895212870277539e-02,3.020036884589813106e-02,1.155895106413135434e-02,7.257407487500543630e-04
-5.342656038074072161e-02,1.078395942134805358e-01,3.206895212870277539e-02,3.020036884589813106e-02,1.155895106413135434e-02,7.257407487500543630e-04
-5.342656038074072161e-02,1.078395942134805358e-01,3.206895212870277539e-02,3.020036884589813106e-02,1.155895106413135434e-02,7.257407487500543630e-04
-5.342656038074072161e-02,1.078395942134805358e-01,3.206895212870277539e-02,3.020036884589813106e-02,1.155895106413135434e-02,7.257407487500543630e-04
-1.412560291757533441e-02,9.874504364680336543e-02,3.165342591386349769e-02,4.398701568814191581e-02,1.308645849443081099e-02,7.496262649973449042e-04
-1.412560291757533441e-02,9.874504364680336543e-02,3.165342591386349769e-02,4.398701568814191581e-02,1.308645849443081099e-02,7.496262649973449042e-04
-1.412560291757533441e-02,9.874504364680336543e-02,3.165342591386349769e-02,4.398701568814191581e-02,1.308645849443081099e-02,7.496262649973449042e-04
-1.412560291757533441e-02,9.874504364680336543e-02,3.165342591386349769e-02,4.398701568814191581e-02,1.308645849443081099e-02,7.496262649973449042e-04
-1.412560291757533441e-02,9.874504364680336543e-02,3.165342591386349769e-02,4.398701568814191581e-02,1.308645849443081099e-02,7.496262649973449042e-04
-1.412560291757533441e-02,9.874504364680336543e-02,3.165342591386349769e-02,4.398701568814191581e-02,1.308645849443081099e-02,7.496262649973449042e-04
-1.412560291757533441e-02,9.874504364680336543e-02,3.165342591386349769e-02,4.398701568814191581e-02,1.308645849443081099e-02,7.496262649973449042e-04
-1.412560291757533441e-02,9.874504364680336543e-02,3.165342591386349769e-02,4.398701568814191581e-02,1.308645849443081099e-02,7.496262649973449042e-04
-1.412560291757533441e-02,9.874504364680336543e-02,3.165342591386349769e-02,4.398701568814191581e-02,1.308645849443081099e-02,7.496262649973449042e-04
-1.412560291757533441e-02,9.874504364680336543e-02,3.165342591386349769e-02,4.398701568814191581e-02,1.308645849443081099e-02,7.496262649973449042e-04
-1.412560291757533441e-02,9.874504364680336543e-02,3.165342591386349769e-02,4.398701568814191581e-02,1.308645849443081099e-02,7.496262649973449042e-04
-1.412560291757533441e-02,9.874504364680336543e-02,3.165342591386349769e-02,4.398701568814191581e-02,1.308645849443081099e-02,7.496262649973449042e-04
-1.412560291757533441e-02,9.874504364680336543e-02,3.165342591386349769e-02,4.398701568814191581e-02,1.308645849443081099e-02,7.496262649973449042e-04
-1.412560291757533441e-02,9.874504364680336543e-02,3.165342591386349769e-02,4.398701568814191581e-02,1.308645849443081099e-02,7.496262649973449042e-04
-1.412560291757533441e-02,9.874504364680336543e-02,3.165342591386349769e-02,4.398701568814191581e-02,1.308645849443081099e-02,7.496262649973449042e-04
1.932680930339971195e-02,1.038111028599095764e-01,3.592405228280435431e-02,5.298201525552567737e-02,1.642942352098091668e-02,7.688390375126615993e-04
1.932680930339971195e-02,1.038111028599095764e-01,3.592405228280435431e-02,5.298201525552567737e-02,1.642942352098091668e-02,7.688390375126615993e-04
1.932680930339971195e-02,1.038111028599095764e-01,3.592405228280435431e-02,5.298201525552567737e-02,1.642942352098091668e-02,7.688390375126615993e-04
1.932680930339971195e-02,1.038111028599095764e-01,3.592405228280435431e-02,5.298201525552567737e-02,1.642942352098091668e-02,7.688390375126615993e-04
1.932680930339971195e-02,1.038111028599095764e-01,3.592405228280435431e-02,5.298201525552567737e-02,1.642942352098091668e-02,7.688390375126615993e-04
1.932680930339971195e-02,1.038111028599095764e-01,3.592405228280435431e-02,5.298201525552567737e-02,1.642942352098091668e-02,7.688390375126615993e-04
1.932680930339971195e-02,1.038111028599095764e-01,3.592405228280435431e-02,5.298201525552567737e-02,1.642942352098091668e-02,7.688390375126615993e-04
1.932680930339971195e-02,1.038111028599095764e-01,3.592405228280435431e-02,5.298201525552567737e-02,1.642942352098091668e-02,7.688390375126615993e-04
1.932680930339971195e-02,1.038111028599095764e-01,3.592405228280435431e-02,5.298201525552567737e-02,1.642942352098091668e-02,7.688390375126615993e-04
1.932680930339971195e-02,1.038111028599095764e-01,3.592405228280435431e-02,5.298201525552567737e-02,1.642942352098091668e-02,7.688390375126615993e-04
1.932680930339971195e-02,1.038111028599095764e-01,3.592405228280435431e-02,5.298201525552567737e-02,1.642942352098091668e-02,7.688390375126615993e-04
1.932680930339971195e-02,1.038111028599095764e-01,3.592405228280435431e-02,5.298201525552567737e-02,1.642942352098091668e-02,7.688390375126615993e-04
1.932680930339971195e-02,1.038111028599095764e-01,3.592405228280435431e-02,5.298201525552567737e-02,1.642942352098091668e-02,7.688390375126615993e-04
1.932680930339971195e-02,1.038111028599095764e-01,3.592405228280435431e-02,5.298201525552567737e-02,1.642942352098091668e-02,7.688390375126615993e-04
1.932680930339971195e-02,1.038111028599095764e-01,3.592405228280435431e-02,5.298201525552567737e-02,1.642942352098091668e-02,7.688390375126615993e-04
5.817262294070580514e-02,1.161834908158404650e-01,4.340809275162880315e-02,5.486872370287820128e-02,2.206171909885658311e-02,7.803807893688555512e-04
5.817262294070580514e-02,1.161834908158404650e-01,4.340809275162880315e-02,5.486872370287820128e-02,2.206171909885658311e-02,7.803807893688555512e-04
5.817262294070580514e-02,1.161834908158404650e-01,4.340809275162880315e-02,5.486872370287820128e-02,2.206171909885658311e-02,7.803807893688555512e-04
5.817262294070580514e-02,1.161834908158404650e-01,4.340809275162880315e-02,5.486872370287820128e-02,2.206171909885658311e-02,7.803807893688555512e-04
5.817262294070580514e-02,1.161834908158404650e-01,4.340809275162880315e-02,5.486872370287820128e-02,2.206171909885658311e-02,7.803807893688555512e-04
5.817262294070580514e-02,1.161834908158404650e-01,4.340809275162880315e-02,5.486872370287820128e-02,2.206171909885658311e-02,7.803807893688555512e-04
5.817262294070580514e-02,1.161834908158404650e-01,4.340809275162880315e-02,5.486872370287820128e-02,2.206171909885658311e-02,7.803807893688555512e-04
5.817262294070580514e-02,1.161834908158404650e-01,4.340809275162880315e-02,5.486872370287820128e-02,2.206171909885658311e-02,7.803807893688555512e-04
5.817262294070580514e-02,1.161834908158404650e-01,4.340809275162880315e-02,5.486872370287820128e-02,2.206171909885658311e-02,7.803807893688555512e-04
5.817262294070580514e-02,1.161834908158404650e-01,4.340809275162880315e-02,5.486872370287820128e-02,2.206171909885658311e-02,7.803807893688555512e-04
5.817262294070580514e-02,1.161834908158404650e-01,4.340809275162880315e-02,5.486872370287820128e-02,2.206171909885658311e-02,7.803807893688555512e-04
5.817262294070580514e-02,1.161834908158404650e-01,4.340809275162880315e-02,5.486872370287820128e-02,2.206171909885658311e-02,7.803807893688555512e-04
5.817262294070580514e-02,1.161834908158404650e-01,4.340809275162880315e-02,5.486872370287820128e-02,2.206171909885658311e-02,7.803807893688555512e-04
5.817262294070580514e-02,1.161834908158404650e-01,4.340809275162880315e-02,5.486872370287820128e-02,2.206171909885658311e-02,7.803807893688555512e-04
5.817262294070580514e-02,1.161834908158404650e-01,4.340809275162880315e-02,5.486872370287820128e-02,2.206171909885658311e-02,7.803807893688555512e-04
1.042641634151101060e-01,1.252389972168763965e-01,5.074106882863484852e-02,5.211926038588482468e-02,2.861953669870897707e-02,7.859041379474105771e-04
1.042641634151101060e-01,1.252389972168763965e-01,5.074106882863484852e-02,5.211926038588482468e-02,2.861953669870897707e-02,7.859041379474105771e-04
1.042641634151101060e-01,1.252389972168763965e-01,5.074106882863484852e-02,5.211926038588482468e-02,2.861953669870897707e-02,7.859041379474105771e-04
1.042641634151101060e-01,1.252389972168763965e-01,5.074106882863484852e-02,5.211926038588482468e-02,2.861953669870897707e-02,7.859041379474105771e-04
1.042641634151101060e-01,1.252389972168763965e-01,5.074106882863484852e-02,5.211926038588482468e-02,2.861953669870897707e-02,7.859041379474105771e-04
1.042641634151101060e-01,1.252389972168763965e-01,5.074106882863484852e-02,5.211926038588482468e-02,2.861953669870897707e-02,7.859041379474105771e-04
1.042641634151101060e-01,1.252389972168763965e-01,5.074106882863484852e-02,5.211926038588482468e-02,2.861953669870897707e-02,7.859041379474105771e-04
1.042641634151101060e-01,1.252389972168763965e-01,5.074106882863484852e-02,5.211926038588482468e-02,2.861953669870897707e-02,7.859041379474105771e-04
1.042641634151101060e-01,1.252389972168763965e-01,5.074106882863484852e-02,5.211926038588482468e-02,2.861953669870897707e-02,7.859041379474105771e-04
1.042641634151101060e-01,1.252389972168763965e-01,5.074106882863484852e-02,5.211926038588482468e-02,2.861953669870897707e-02,7.859041379474105771e-04
1.042641634151101060e-01,1.252389972168763965e-01,5.074106882863484852e-02,5.211926038588482468e-02,2.861953669870897707e-02,7.859041379474105771e-04
1.042641634151101060e-01,1.252389972168763965e-01,5.074106882863484852e-02,5.211926038588482468e-02,2.861953669870897707e-02,7.859041379474105771e-04
1.042641634151101060e-01,1.252389972168763965e-01,5.074106882863484852e-02,5.211926038588482468e-02,2.861953669870897707e-02,7.859041379474105771e-04
1.042641634151101060e-01,1.252389972168763965e-01,5.074106882863484852e-02,5.211926038588482468e-02,2.861953669870897707e-02,7.859041379474105771e-04
1.042641634151101060e-01,1.252389972168763965e-01,5.074106882863484852e-02,5.211926038588482468e-02,2.861953669870897707e-02,7.859041379474105771e-04
1.549062079271263381e-01,1.254557415584108271e-01,5.583792604181964103e-02,4.715047664257841775e-02,3.519861341618153727e-02,7.876784227457005226e-04
1.549062079271263381e-01,1.254557415584108271e-01,5.583792604181964103e-02,4.715047664257841775e-02,3.519861341618153727e-02,7.876784227457005226e-04
1.549062079271263381e-01,1.254557415584108271e-01,5.583792604181964103e-02,4.715047664257841775e-02,3.519861341618153727e-02,7.876784227457005226e-04
1.549062079271263381e-01,1.254557415584108271e-01,5.583792604181964103e-02,4.715047664257841775e-02,3.519861341618153727e-02,7.876784227457005226e-04
1.549062079271263381e-01,1.254557415584108271e-01,5.583792604181964103e-02,4.715047664257841775e-02,3.519861341618153727e-02,7.876784227457005226e-04
1.549062079271263381e-01,1.254557415584108271e-01,5.583792604181964103e-02,4.715047664257841775e-02,3.519861341618153727e-02,7.876784227457005226e-04
1.549062079271263381e-01,1.254557415584108271e-01,5.583792604181964103e-02,4.715047664257841775e-02,3.519861341618153727e-02,7.876784227457005226e-04
1.549062079271263381e-01,1.254557415584108271e-01,5.583792604181964103e-02,4.715047664257841775e-02,3.519861341618153727e-02,7.876784227457005226e-04
1.549062079271263381e-01,1.254557415584108271e-01,5.583792604181964103e-02,4.715047664257841775e-02,3.519861341618153727e-02,7.876784227457005226e-04
1.549062079271263381e-01,1.254557415584108271e-01,5.583792604181964103e-02,4.715047664257841775e-02,3.519861341618153727e-02,7.876784227457005226e-04
1.549062079271263381e-01,1.254557415584108271e-01,5.583792604181964103e-02,4.715047664257841775e-02,3.519861341618153727e-02,7.876784227457005226e-04
1.549062079271263381e-01,1.254557415584108271e-01,5.583792604181964103e-02,4.715047664257841775e-02,3.519861341618153727e-02,7.876784227457005226e-04
1.549062079271263381e-01,1.254557415584108271e-01,5.583792604181964103e-02,4.715047664257841775e-02,3.519861341618153727e-02,7.876784227457005226e-04
1.549062079271263381e-01,1.254557415584108271e-01,5.583792604181964103e-02,4.715047664257841775e-02,3.519861341618153727e-02,7.876784227457005226e-04
1.549062079271263381e-01,1.254557415584108271e-01,5.583792604181964103e-02,4.715047664257841775e-02,3.519861341618153727e-02,7.876784227457005226e-04
2.074800383355105693e-01,1.147834440769506525e-01,5.773240482539583607e-02,4.124005250413678714e-02,4.144681904601285605e-02,7.869819621664580177e-04
2.074800383355105693e-01,1.147834440769506525e-01,5.773240482539583607e-02,4.124005250413678714e-02,4.144681904601285605e-02,7.869819621664580177e-04
2.074800383355105693e-01,1.147834440769506525e-01,5.773240482539583607e-02,4.124005250413678714e-02,4.144681904601285605e-02,7.869819621664580177e-04
2.074800383355105693e-01,1.147834440769506525e-01,5.773240482539583607e-02,4.124005250413678714e-02,4.144681904601285605e-02,7.869819621664580177e-04
2.074800383355105693e-01,1.147834440769506525e-01,5.773240482539583607e-02,4.124005250413678714e-02,4.144681904601285605e-02,7.869819621664580177e-04
2.074800383355105693e-01,1.147834440769506525e-01,5.773240482539583607e-02,4.124005250413678714e-02,4.144681904601285605e-02,7.869819621664580177e-04
2.074800383355105693e-01,1.147834440769506525e-01,5.773240482539583607e-02,4.124005250413678714e-02,4.144681904601285605e-02,7.869819621664580177e-04
2.074800383355105693e-01,1.147834440769506525e-01,5.773240482539583607e-02,4.124005250413678714e-02,4.144681904601285605e-02,7.869819621664580177e-04
2.074800383355105693e-01,1.147834440769506525e-01,5.773240482539583607e-02,4.124005250413678714e-02,4.144681904601285605e-02,7.869819621664580177e-04
2.074800383355105693e-01,1.147834440769506525e-01,5.773240482539583607e-02,4.124005250413678714e-02,4.144681904601285605e-02,7.869819621664580177e-04
2.074800383355105693e-01,1.147834440769506525e-01,5.773240482539583607e-02,4.124005250413678714e-02,4.144681904601285605e-02,7.869819621664580177e-04
2.074800383355105693e-01,1.147834440769506525e-01,5.773240482539583607e-02,4.124005250413678714e-02,4.144681904601285605e-02,7.869819621664580177e-04
2.074800383355105693e-01,1.147834440769506525e-01,5.773240482539583607e-02,4.124005250413678714e-02,4.144681904601285605e-02,7.869819621664580177e-04
2.074800383355105693e-01,1.147834440769506525e-01,5.773240482539583607e-02,4.124005250413678714e-02,4.144681904601285605e-02,7.869819621664580177e-04
2.074800383355105693e-01,1.147834440769506525e-01,5.773240482539583607e-02,4.124005250413678714e-02,4.144681904601285605e-02,7.869819621664580177e-04
2.598177121274862222e-01,9.255049501834461401e-02,5.593980304919940472e-02,3.504309668321619470e-02,4.707614419376681542e-02,7.840793042162300325e-04
2.598177121274862222e-01,9.255049501834461401e-02,5.593980304919940472e-02,3.504309668321619470e-02,4.707614419376681542e-02,7.840793042162300325e-04
2.598177121274862222e-01,9.255049501834461401e-02,5.593980304919940472e-02,3.504309668321619470e-02,4.707614419376681542e-02,7.840793042162300325e-04
2.598177121274862222e-01,9.255049501834461401e-02,5.593980304919940472e-02,3.504309668321619470e-02,4.707614419376681542e-02,7.840793042162300325e-04
2.598177121274862222e-01,9.255049501834461401e-02,5.593980304919940472e-02,3.504309668321619470e-02,4.707614419376681542e-02,7.840793042162300325e-04
2.598177121274862222e-01,9.255049501834461401e-02,5.593980304919940472e-02,3.504309668321619470e-02,4.707614419376681542e-02,7.840793042162300325e-04
2.598177121274862222e-01,9.255049501834461401e-02,5.593980304919940472e-02,3.504309668321619470e-02,4.707614419376681542e-02,7.840793042162300325e-04
2.598177121274862222e-01,9.255049501834461401e-02,5.593980304919940472e-02,3.504309668321619470e-02,4.707614419376681542e-02,7.840793042162300325e-04
2.598177121274862222e-01,9.255049501834461401e-02,5.593980304919940472e-02,3.504309668321619470e-02,4.707614419376681542e-02,7.840793042162300325e-04
2.598177121274862222e-01,9.255049501834461401e-02,5.593980304919940472e-02,3.504309668321619470e-02,4.707614419376681542e-02,7.840793042162300325e-04
2.598177121274862222e-01,9.255049501834461401e-02,5.593980304919940472e-02,3.504309668321619470e-02,4.707614419376681542e-02,7.840793042162300325e-04
2.598177121274862222e-01,9.255049501834461401e-02,5.593980304919940472e-02,3.504309668321619470e-02,4.707614419376681542e-02,7.840793042162300325e-04
2.598177121274862222e-01,9.255049501834461401e-02,5.593980304919940472e-02,3.504309668321619470e-02,4.707614419376681542e-02,7.840793042162300325e-04
2.598177121274862222e-01,9.255049501834461401e-02,5.593980304919940472e-02,3.504309668321619470e-02,4.707614419376681542e-02,7.840793042162300325e-04
2.598177121274862222e-01,9.255049501834461401e-02,5.593980304919940472e-02,3.504309668321619470e-02,4.707614419376681542e-02,7.840793042162300325e-04
3.098824387550798143e-01,5.887980576045206277e-02,5.024123102399739860e-02,2.900328861642605810e-02,5.160726723404875094e-02,7.783554257882798486e-04
3.098824387550798143e-01,5.887980576045206277e-02,5.024123102399739860e-02,2.900328861642605810e-02,5.160726723404875094e-02,7.783554257882798486e-04
3.098824387550798143e-01,5.887980576045206277e-02,5.024123102399739860e-02,2.900328861642605810e-02,5.160726723404875094e-02,7.783554257882798486e-04
3.098824387550798143e-01,5.887980576045206277e-02,5.024123102399739860e-02,2.900328861642605810e-02,5.160726723404875094e-02,7.783554257882798486e-04
3.098824387550798143e-01,5.887980576045206277e-02,5.024123102399739860e-02,2.900328861642605810e-02,5.160726723404875094e-02,7.783554257882798486e-04
3.098824387550798143e-01,5.887980576045206277e-02,5.024123102399739860e-02,2.900328861642605810e-02,5.160726723404875094e-02,7.783554257882798486e-04
3.098824387550798143e-01,5.887980576045206277e-02,5.024123102399739860e-02,2.900328861642605810e-02,5.160726723404875094e-02,7.783554257882798486e-04
3.098824387550798143e-01,5.887980576045206277e-02,5.024123102399739860e-02,2.900328861642605810e-02,5.160726723404875094e-02,7.783554257882798486e-04
3.098824387550798143e-01,5.887980576045206277e-02,5.024123102399739860e-02,2.900328861642605810e-02,5.160726723404875094e-02,7.783554257882798486e-04
3.098824387550798143e-01,5.887980576045206277e-02,5.024123102399739860e-02,2.900328861642605810e-02,5.160726723404875094e-02,7.783554257882798486e-04
3.098824387550798143e-01,5.887980576045206277e-02,5.024123102399739860e-02,2.900328861642605810e-02,5.160726723404875094e-02,7.783554257882798486e-04
3.098824387550798143e-01,5.887980576045206277e-02,5.024123102399739860e-02,2.900328861642605810e-02,5.160726723404875094e-02,7.783554257882798486e-04
3.098824387550798143e-01,5.887980576045206277e-02,5.024123102399739860e-02,2.900328861642605810e-02,5.160726723404875094e-02,7.783554257882798486e-04
3.098824387550798143e-01,5.887980576045206277e-02,5.024123102399739860e-02,2.900328861642605810e-02,5.160726723404875094e-02,7.783554257882798486e-04
3.098824387550798143e-01,5.887980576045206277e-02,5.024123102399739860e-02,2.900328861642605810e-02,5.160726723404875094e-02,7.783554257882798486e-04
3.557883161208404421e-01,1.492547310095319359e-02,4.076480202410130010e-02,2.350980924556160881e-02,5.425991771720342638e-02,7.682141693533872445e-04
3.557883161208404421e-01,1.492547310095319359e-02,4.076480202410130010e-02,2.350980924556160881e-02,5.425991771720342638e-02,7.682141693533872445e-04
3.557883161208404421e-01,1.492547310095319359e-02,4.076480202410130010e-02,2.350980924556160881e-02,5.425991771720342638e-02,7.682141693533872445e-04
3.557883161208404421e-01,1.492547310095319359e-02,4.076480202410130010e-02,2.350980924556160881e-02,5.425991771720342638e-02,7.682141693533872445e-04
3.557883161208404421e-01,1.492547310095319359e-02,4.076480202410130010e-02,2.350980924556160881e-02,5.425991771720342638e-02,7.682141693533872445e-04
3.557883161208404421e-01,1.492547310095319359e-02,4.076480202410130010e-02,2.350980924556160881e-02,5.425991771720342638e-02,7.682141693533872445e-04
3.557883161208404421e-01,1.492547310095319359e-02,4.076480202410130010e-02,2.350980924556160881e-02,5.425991771720342638e-02,7.682141693533872445e-04
3.557883161208404421e-01,1.492547310095319359e-02,4.076480202410130010e-02,2.350980924556160881e-02,5.425991771720342638e-02,7.682141693533872445e-04
3.557883161208404421e-01,1.492547310095319359e-02,4.076480202410130010e-02,2.350980924556160881e-02,5.425991771720342638e-02,7.682141693533872445e-04
3.557883161208404421e-01,1.492547310095319359e-02,4.076480202410130010e-02,2.350980924556160881e-02,5.425991771720342638e-02,7.682141693533872445e-04
3.557883161208404421e-01,1.492547310095319359e-02,4.076480202410130010e-02,2.350980924556160881e-02,5.425991771720342638e-02,7.682141693533872445e-04
3.557883161208404421e-01,1.492547310095319359e-02,4.076480202410130010e-02,2.350980924556160881e-02,5.425991771720342638e-02,7.682141693533872445e-04
3.557883161208404421e-01,1.492547310095319359e-02,4.076480202410130010e-02,2.350980924556160881e-02,5.425991771720342638e-02,7.682141693533872445e-04
3.557883161208404421e-01,1.492547310095319359e-02,4.076480202410130010e-02,2.350980924556160881e-02,5.425991771720342638e-02,7.682141693533872445e-04
3.557883161208404421e-01,1.492547310095319359e-02,4.076480202410130010e-02,2.350980924556160881e-02,5.425991771720342638e-02,7.682141693533872445e-04
3.962584223224275282e-01,-3.628673561479475035e-02,2.832455995865381174e-02,1.886794312847688351e-02,5.394731074523791831e-02,7.508206835979501894e-04
3.962584223224275282e-01,-3.628673561479475035e-02,2.832455995865381174e-02,1.886794312847688351e-02,5.394731074523791831e-02,7.508206835979501894e-04
3.962584223224275282e-01,-3.628673561479475035e-02,2.832455995865381174e-02,1.886794312847688351e-02,5.394731074523791831e-02,7.508206835979501894e-04
3.962584223224275282e-01,-3.628673561479475035e-02,2.832455995865381174e-02,1.886794312847688351e-02,5.394731074523791831e-02,7.508206835979501894e-04
3.962584223224275282e-01,-3.628673561479475035e-02,2.832455995865381174e-02,1.886794312847688351e-02,5.394731074523791831e-02,7.508206835979501894e-04
3.962584223224275282e-01,-3.628673561479475035e-02,2.832455995865381174e-02,1.886794312847688351e-02,5.394731074523791831e-02,7.508206835979501894e-04
3.962584223224275282e-01,-3.628673561479475035e-02,2.832455995865381174e-02,1.886794312847688351e-02,5.394731074523791831e-02,7.508206835979501894e-04
3.962584223224275282e-01,-3.628673561479475035e-02,2.832455995865381174e-02,1.886794312847688351e-02,5.394731074523791831e-02,7.508206835979501894e-04
3.962584223224275282e-01,-3.628673561479475035e-02,2.832455995865381174e-02,1.886794312847688351e-02,5.394731074523791831e-02,7.508206835979501894e-04
3.962584223224275282e-01,-3.628673561479475035e-02,2.832455995865381174e-02,1.886794312847688351e-02,5.394731074523791831e-02,7.508206835979501894e-04
3.962584223224275282e-01,-3.628673561479475035e-02,2.832455995865381174e-02,1.886794312847688351e-02,5.394731074523791831e-02,7.508206835979501894e-04
3.962584223224275282e-01,-3.628673561479475035e-02,2.832455995865381174e-02,1.886794312847688351e-02,5.394731074523791831e-02,7.508206835979501894e-04
3.962584223224275282e-01,-3.628673561479475035e-02,2.832455995865381174e-02,1.886794312847688351e-02,5.394731074523791831e-02,7.508206835979501894e-04
3.962584223224275282e-01,-3.628673561479475035e-02,2.832455995865381174e-02,1.886794312847688351e-02,5.394731074523791831e-02,7.508206835979501894e-04
3.962584223224275282e-01,-3.628673561479475035e-02,2.832455995865381174e-02,1.886794312847688351e-02,5.394731074523791831e-02,7.508206835979501894e-04
4.318719429940066079e-01,-8.834758307244039433e-02,1.523768495748396845e-02,1.510515964991347368e-02,4.955589527105765113e-02,7.309945479091764725e-04
4.318719429940066079e-01,-8.834758307244039433e-02,1.523768495748396845e-02,1.510515964991347368e-02,4.955589527105765113e-02,7.309945479091764725e-04
4.318719429940066079e-01,-8.834758307244039433e-02,1.523768495748396845e-02,1.510515964991347368e-02,4.955589527105765113e-02,7.309945479091764725e-04
4.318719429940066079e-01,-8.834758307244039433e-02,1.523768495748396845e-02,1.510515964991347368e-02,4.955589527105765113e-02,7.309945479091764725e-04
4.318719429940066079e-01,-8.834758307244039433e-02,1.523768495748396845e-02,1.510515964991347368e-02,4.955589527105765113e-02,7.309945479091764725e-04
4.318719429940066079e-01,-8.834758307244039433e-02,1.523768495748396845e-02,1.510515964991347368e-02,4.955589527105765113e-02,7.309945479091764725e-04
4.318719429940066079e-01,-8.834758307244039433e-02,1.523768495748396845e-02,1.510515964991347368e-02,4.955589527105765113e-02,7.309945479091764725e-04
4.318719429940066079e-01,-8.834758307244039433e-02,1.523768495748396845e-02,1.510515964991347368e-02,4.955589527105765113e-02,7.309945479091764725e-04
4.318719429940066079e-01,-8.834758307244039433e-02,1.523768495748396845e-02,1.510515964991347368e-02,4.955589527105765113e-02,7.309945479091764725e-04
4.318719429940066079e-01,-8.834758307244039433e-02,1.523768495748396845e-02,1.510515964991347368e-02,4.955589527105765113e-02,7.309945479091764725e-04
4.318719429940066079e-01,-8.834758307244039433e-02,1.523768495748396845e-02,1.510515964991347368e-02,4.955589527105765113e-02,7.309945479091764725e-04
4.318719429940066079e-01,-8.834758307244039433e-02,1.523768495748396845e-02,1.510515964991347368e-02,4.955589527105765113e-02,7.309945479091764725e-04
4.318719429940066079e-01,-8.834758307244039433e-02,1.523768495748396845e-02,1.510515964991347368e-02,4.955589527105765113e-02,7.309945479091764725e-04
4.318719429940066079e-01,-8.834758307244039433e-02,1.523768495748396845e-02,1.510515964991347368e-02,4.955589527105765113e-02,7.309945479091764725e-04
4.318719429940066079e-01,-8.834758307244039433e-02,1.523768495748396845e-02,1.510515964991347368e-02,4.955589527105765113e-02,7.309945479091764725e-04
4.644393999712447818e-01,-1.307873399393675584e-01,5.123558374728809026e-03,1.177535570846197262e-02,4.070812553972338876e-02,6.842222269450421411e-04
4.644393999712447818e-01,-1.307873399393675584e-01,5.123558374728809026e-03,1.177535570846197262e-02,4.070812553972338876e-02,6.842222269450421411e-04
4.644393999712447818e-01,-1.307873399393675584e-01,5.123558374728809026e-03,1.177535570846197262e-02,4.070812553972338876e-02,6.842222269450421411e-04
4.644393999712447818e-01,-1.307873399393675584e-01,5.123558374728809026e-03,1.177535570846197262e-02,4.070812553972338876e-02,6.842222269450421411e-04
4.644393999712447818e-01,-1.307873399393675584e-01,5.123558374728809026e-03,1.177535570846197262e-02,4.070812553972338876e-02,6.842222269450421411e-04
4.644393999712447818e-01,-1.307873399393675584e-01,5.123558374728809026e-03,1.177535570846197262e-02,4.070812553972338876e-02,6.842222269450421411e-04
4.644393999712447818e-01,-1.307873399393675584e-01,5.123558374728809026e-03,1.177535570846197262e-02,4.070812553972338876e-02,6.842222269450421411e-04
4.644393999712447818e-01,-1.307873399393675584e-01,5.123558374728809026e-03,1.177535570846197262e-02,4.070812553972338876e-02,6.842222269450421411e-04
4.644393999712447818e-01,-1.307873399393675584e-01,5.123558374728809026e-03,1.177535570846197262e-02,4.070812553972338876e-02,6.842222269450421411e-04
4.644393999712447818e-01,-1.307873399393675584e-01,5.123558374728809026e-03,1.177535570846197262e-02,4.070812553972338876e-02,6.842222269450421411e-04
4.644393999712447818e-01,-1.307873399393675584e-01,5.123558374728809026e-03,1.177535570846197262e-02,4.070812553972338876e-02,6.842222269450421411e-04
4.644393999712447818e-01,-1.307873399393675584e-01,5.123558374728809026e-03,1.177535570846197262e-02,4.070812553972338876e-02,6.842222269450421411e-04
4.644393999712447818e-01,-1.307873399393675584e-01,5.123558374728809026e-03,1.177535570846197262e-02,4.070812553972338876e-02,6.842222269450421411e-04
4.644393999712447818e-01,-1.307873399393675584e-01,5.123558374728809026e-03,1.177535570846197262e-02,4.070812553972338876e-02,6.842222269450421411e-04
4.644393999712447818e-01,-1.307873399393675584e-01,5.123558374728809026e-03,1.177535570846197262e-02,4.070812553972338876e-02,6.842222269450421411e-04
4.970241374461777939e-01,-1.523005258255724081e-01,2.753589999894377228e-03,8.467448961778254943e-03,2.889369697579559360e-02,6.291259700705604651e-04
4.970241374461777939e-01,-1.523005258255724081e-01,2.753589999894377228e-03,8.467448961778254943e-03,2.889369697579559360e-02,6.291259700705604651e-04
4.970241374461777939e-01,-1.523005258255724081e-01,2.753589999894377228e-03,8.467448961778254943e-03,2.889369697579559360e-02,6.291259700705604651e-04
4.970241374461777939e-01,-1.523005258255724081e-01,2.753589999894377228e-03,8.467448961778254943e-03,2.889369697579559360e-02,6.291259700705604651e-04
4.970241374461777939e-01,-1.523005258255724081e-01,2.753589999894377228e-03,8.467448961778254943e-03,2.889369697579559360e-02,6.291259700705604651e-04
4.970241374461777939e-01,-1.523005258255724081e-01,2.753589999894377228e-03,8.467448961778254943e-03,2.889369697579559360e-02,6.291259700705604651e-04
4.970241374461777939e-01,-1.523005258255724081e-01,2.753589999894377228e-03,8.467448961778254943e-03,2.889369697579559360e-02,6.291259700705604651e-04
4.970241374461777939e-01,-1.523005258255724081e-01,2.753589999894377228e-03,8.467448961778254943e-03,2.889369697579559360e-02,6.291259700705604651e-04
4.970241374461777939e-01,-1.523005258255724081e-01,2.753589999894377228e-03,8.467448961778254943e-03,2.889369697579559360e-02,6.291259700705604651e-04
4.970241374461777939e-01,-1.523005258255724081e-01,2.753589999894377228e-03,8.467448961778254943e-03,2.889369697579559360e-02,6.291259700705604651e-04
4.970241374461777939e-01,-1.523005258255724081e-01,2.753589999894377228e-03,8.467448961778254943e-03,2.889369697579559360e-02,6.291259700705604651e-04
4.970241374461777939e-01,-1.523005258255724081e-01,2.753589999894377228e-03,8.467448961778254943e-03,2.889369697579559360e-02,6.291259700705604651e-04
4.970241374461777939e-01,-1.523005258255724081e-01,2.753589999894377228e-03,8.467448961778254943e-03,2.889369697579559360e-02,6.291259700705604651e-04
4.970241374461777939e-01,-1.523005258255724081e-01,2.753589999894377228e-03,8.467448961778254943e-03,2.889369697579559360e-02,6.291259700705604651e-04
4.970241374461777939e-01,-1.523005258255724081e-01,2.753589999894377228e-03,8.467448961778254943e-03,2.889369697579559360e-02,6.291259700705604651e-04
5.273810725448812020e-01,-1.519397071985359726e-01,8.772750916112116021e-03,5.458242062364409945e-03,1.740288218285487160e-02,5.773968494372398253e-04
5.273810725448812020e-01,-1.519397071985359726e-01,8.772750916112116021e-03,5.458242062364409945e-03,1.740288218285487160e-02,5.773968494372398253e-04
5.273810725448812020e-01,-1.519397071985359726e-01,8.772750916112116021e-03,5.458242062364409945e-03,1.740288218285487160e-02,5.773968494372398253e-04
5.273810725448812020e-01,-1.519397071985359726e-01,8.772750916112116021e-03,5.458242062364409945e-03,1.740288218285487160e-02,5.773968494372398253e-04
5.273810725448812020e-01,-1.519397071985359726e-01,8.772750916112116021e-03,5.458242062364409945e-03,1.740288218285487160e-02,5.773968494372398253e-04
5.273810725448812020e-01,-1.519397071985359726e-01,8.772750916112116021e-03,5.458242062364409945e-03,1.740288218285487160e-02,5.773968494372398253e-04
5.273810725448812020e-01,-1.519397071985359726e-01,8.772750916112116021e-03,5.458242062364409945e-03,1.740288218285487160e-02,5.773968494372398253e-04
5.273810725448812020e-01,-1.519397071985359726e-01,8.772750916112116021e-03,5.458242062364409945e-03,1.740288218285487160e-02,5.773968494372398253e-04
5.273810725448812020e-01,-1.519397071985359726e-01,8.772750916112116021e-03,5.458242062364409945e-03,1.740288218285487160e-02,5.773968494372398253e-04
5.273810725448812020e-01,-1.519397071985359726e-01,8.772750916112116021e-03,5.458242062364409945e-03,1.740288218285487160e-02,5.773968494372398253e-04
5.273810725448812020e-01,-1.519397071985359726e-01,8.772750916112116021e-03,5.458242062364409945e-03,1.740288218285487160e-02,5.773968494372398253e-04
5.273810725448812020e-01,-1.519397071985359726e-01,8.772750916112116021e-03,5.458242062364409945e-03,1.740288218285487160e-02,5.773968494372398253e-04
5.273810725448812020e-01,-1.519397071985359726e-01,8.772750916112116021e-03,5.458242062364409945e-03,1.740288218285487160e-02,5.773968494372398253e-04
5.273810725448812020e-01,-1.519397071985359726e-01,8.772750916112116021e-03,5.458242062364409945e-03,1.740288218285487160e-02,5.773968494372398253e-04
5.273810725448812020e-01,-1.519397071985359726e-01,8.772750916112116021e-03,5.458242062364409945e-03,1.740288218285487160e-02,5.773968494372398253e-04
5.508750569728345647e-01,-1.427755077198379074e-01,1.826844248964367562e-02,3.283565473209258245e-03,9.145903157537419240e-03,5.405338737251742928e-04
5.508750569728345647e-01,-1.427755077198379074e-01,1.826844248964367562e-02,3.283565473209258245e-03,9.145903157537419240e-03,5.405338737251742928e-04
5.508750569728345647e-01,-1.427755077198379074e-01,1.826844248964367562e-02,3.283565473209258245e-03,9.145903157537419240e-03,5.405338737251742928e-04
5.508750569728345647e-01,-1.427755077198379074e-01,1.826844248964367562e-02,3.283565473209258245e-03,9.145903157537419240e-03,5.405338737251742928e-04
5.508750569728345647e-01,-1.427755077198379074e-01,1.826844248964367562e-02,3.283565473209258245e-03,9.145903157537419240e-03,5.405338737251742928e-04
5.508750569728345647e-01,-1.427755077198379074e-01,1.826844248964367562e-02,3.283565473209258245e-03,9.145903157537419240e-03,5.405338737251742928e-04
5.508750569728345647e-01,-1.427755077198379074e-01,1.826844248964367562e-02,3.283565473209258245e-03,9.145903157537419240e-03,5.405338737251742928e-04
5.508750569728345647e-01,-1.427755077198379074e-01,1.826844248964367562e-02,3.283565473209258245e-03,9.145903157537419240e-03,5.405338737251742928e-04
5.508750569728345647e-01,-1.427755077198379074e-01,1.826844248964367562e-02,3.283565473209258245e-03,9.145903157537419240e-03,5.405338737251742928e-04
5.508750569728345647e-01,-1.427755077198379074e-01,1.826844248964367562e-02,3.283565473209258245e-03,9.145903157537419240e-03,5.405338737251742928e-04
5.508750569728345647e-01,-1.427755077198379074e-01,1.826844248964367562e-02,3.283565473209258245e-03,9.145903157537419240e-03,5.405338737251742928e-04
5.508750569728345647e-01,-1.427755077198379074e-01,1.826844248964367562e-02,3.283565473209258245e-03,9.145903157537419240e-03,5.405338737251742928e-04
5.508750569728345647e-01,-1.427755077198379074e-01,1.826844248964367562e-02,3.283565473209258245e-03,9.145903157537419240e-03,5.405338737251742928e-04
5.508750569728345647e-01,-1.427755077198379074e-01,1.826844248964367562e-02,3.283565473209258245e-03,9.145903157537419240e-03,5.405338737251742928e-04
5.508750569728345647e-01,-1.427755077198379074e-01,1.826844248964367562e-02,3.283565473209258245e-03,9.145903157537419240e-03,5.405338737251742928e-04
5.672618036260422825e-01,-1.382823590282485082e-01,2.618679308635666128e-02,2.038038185636319079e-03,4.560509758855342197e-03,5.200296656747968376e-04
5.672618036260422825e-01,-1.382823590282485082e-01,2.618679308635666128e-02,2.038038185636319079e-03,4.560509758855342197e-03,5.200296656747968376e-04
5.672618036260422825e-01,-1.382823590282485082e-01,2.618679308635666128e-02,2.038038185636319079e-03,4.560509758855342197e-03,5.200296656747968376e-04
5.672618036260422825e-01,-1.382823590282485082e-01,2.618679308635666128e-02,2.038038185636319079e-03,4.560509758855342197e-03,5.200296656747968376e-04
5.672618036260422825e-01,-1.382823590282485082e-01,2.618679308635666128e-02,2.038038185636319079e-03,4.560509758855342197e-03,5.200296656747968376e-04
5.672618036260422825e-01,-1.382823590282485082e-01,2.618679308635666128e-02,2.038038185636319079e-03,4.560509758855342197e-03,5.200296656747968376e-04
5.672618036260422825e-01,-1.382823590282485082e-01,2.618679308635666128e-02,2.038038185636319079e-03,4.560509758855342197e-03,5.200296656747968376e-04
5.672618036260422825e-01,-1.382823590282485082e-01,2.618679308635666128e-02,2.038038185636319079e-03,4.560509758855342197e-03,5.200296656747968376e-04
5.672618036260422825e-01,-1.382823590282485082e-01,2.618679308635666128e-02,2.038038185636319079e-03,4.560509758855342197e-03,5.200296656747968376e-04
5.672618036260422825e-01,-1.382823590282485082e-01,2.618679308635666128e-02,2.038038185636319079e-03,4.560509758855342197e-03,5.200296656747968376e-04
5.672618036260422825e-01,-1.382823590282485082e-01,2.618679308635666128e-02,2.038038185636319079e-03,4.560509758855342197e-03,5.200296656747968376e-04
5.672618036260422825e-01,-1.382823590282485082e-01,2.618679308635666128e-02,2.038038185636319079e-03,4.560509758855342197e-03,5.200296656747968376e-04
5.672618036260422825e-01,-1.382823590282485082e-01,2.618679308635666128e-02,2.038038185636319079e-03,4.560509758855342197e-03,5.200296656747968376e-04
5.672618036260422825e-01,-1.382823590282485082e-01,2.618679308635666128e-02,2.038038185636319079e-03,4.560509758855342197e-03,5.200296656747968376e-04
5.672618036260422825e-01,-1.382823590282485082e-01,2.618679308635666128e-02,2.038038185636319079e-03,4.560509758855342197e-03,5.200296656747968376e-04
5.793011879743542591e-01,-1.424978403840846397e-01,3.105333712373405802e-02,1.450571824824512402e-03,2.444485633205101781e-03,5.105494320136475190e-04
5.793011879743542591e-01,-1.424978403840846397e-01,3.105333712373405802e-02,1.450571824824512402e-03,2.444485633205101781e-03,5.105494320136475190e-04
5.793011879743542591e-01,-1.424978403840846397e-01,3.105333712373405802e-02,1.450571824824512402e-03,2.444485633205101781e-03,5.105494320136475190e-04
5.793011879743542591e-01,-1.424978403840846397e-01,3.105333712373405802e-02,1.450571824824512402e-03,2.444485633205101781e-03,5.105494320136475190e-04
5.793011879743542591e-01,-1.424978403840846397e-01,3.105333712373405802e-02,1.450571824824512402e-03,2.444485633205101781e-03,5.105494320136475190e-04
5.793011879743542591e-01,-1.424978403840846397e-01,3.105333712373405802e-02,1.450571824824512402e-03,2.444485633205101781e-03,5.105494320136475190e-04
5.793011879743542591e-01,-1.424978403840846397e-01,3.105333712373405802e-02,1.450571824824512402e-03,2.444485633205101781e-03,5.105494320136475190e-04
5.793011879743542591e-01,-1.424978403840846397e-01,3.105333712373405802e-02,1.450571824824512402e-03,2.444485633205101781e-03,5.105494320136475190e-04
5.793011879743542591e-01,-1.424978403840846397e-01,3.105333712373405802e-02,1.450571824824512402e-03,2.444485633205101781e-03,5.105494320136475190e-04
5.793011879743542591e-01,-1.424978403840846397e-01,3.105333712373405802e-02,1.450571824824512402e-03,2.444485633205101781e-03,5.105494320136475190e-04
5.793011879743542591e-01,-1.424978403840846397e-01,3.105333712373405802e-02,1.450571824824512402e-03,2.444485633205101781e-03,5.105494320136475190e-04
5.793011879743542591e-01,-1.424978403840846397e-01,3.105333712373405802e-02,1.450571824824512402e-03,2.444485633205101781e-03,5.105494320136475190e-04
5.793011879743542591e-01,-1.424978403840846397e-01,3.105333712373405802e-02,1.450571824824512402e-03,2.444485633205101781e-03,5.105494320136475190e-04
5.793011879743542591e-01,-1.424978403840846397e-01,3.105333712373405802e-02,1.450571824824512402e-03,2.444485633205101781e-03,5.105494320136475190e-04
5.793011879743542591e-01,-1.424978403840846397e-01,3.105333712373405802e-02,1.450571824824512402e-03,2.444485633205101781e-03,5.105494320136475190e-04
5.891479781361752543e-01,-1.535312194308156575e-01,3.360628601077594174e-02,1.210720297996879758e-03,1.583943561777410164e-03,5.066968174339539152e-04
5.891479781361752543e-01,-1.535312194308156575e-01,3.360628601077594174e-02,1.210720297996879758e-03,1.583943561777410164e-03,5.066968174339539152e-04
5.891479781361752543e-01,-1.535312194308156575e-01,3.360628601077594174e-02,1.210720297996879758e-03,1.583943561777410164e-03,5.066968174339539152e-04
5.891479781361752543e-01,-1.535312194308156575e-01,3.360628601077594174e-02,1.210720297996879758e-03,1.583943561777410164e-03,5.066968174339539152e-04
5.891479781361752543e-01,-1.535312194308156575e-01,3.360628601077594174e-02,1.210720297996879758e-03,1.583943561777410164e-03,5.066968174339539152e-04
5.891479781361752543e-01,-1.535312194308156575e-01,3.360628601077594174e-02,1.210720297996879758e-03,1.583943561777410164e-03,5.066968174339539152e-04
5.891479781361752543e-01,-1.535312194308156575e-01,3.360628601077594174e-02,1.210720297996879758e-03,1.583943561777410164e-03,5.066968174339539152e-04
5.891479781361752543e-01,-1.535312194308156575e-01,3.360628601077594174e-02,1.210720297996879758e-03,1.583943561777410164e-03,5.066968174339539152e-04
5.891479781361752543e-01,-1.535312194308156575e-01,3.360628601077594174e-02,1.210720297996879758e-03,1.583943561777410164e-03,5.066968174339539152e-04
5.891479781361752543e-01,-1.535312194308156575e-01,3.360628601077594174e-02,1.210720297996879758e-03,1.583943561777410164e-03,5.066968174339539152e-04
5.891479781361752543e-01,-1.535312194308156575e-01,3.360628601077594174e-02,1.210720297996879758e-03,1.583943561777410164e-03,5.066968174339539152e-04
5.891479781361752543e-01,-1.535312194308156575e-01,3.360628601077594174e-02,1.210720297996879758e-03,1.583943561777410164e-03,5.066968174339539152e-04
5.891479781361752543e-01,-1.535312194308156575e-01,3.360628601077594174e-02,1.210720297996879758e-03,1.583943561777410164e-03,5.066968174339539152e-04
5.891479781361752543e-01,-1.535312194308156575e-01,3.360628601077594174e-02,1.210720297996879758e-03,1.583943561777410164e-03,5.066968174339539152e-04
5.891479781361752543e-01,-1.535312194308156575e-01,3.360628601077594174e-02,1.210720297996879758e-03,1.583943561777410164e-03,5.066968174339539152e-04
5.978078516269309528e-01,-1.686110637600283235e-01,3.485314437936117005e-02,1.121891556386925542e-03,1.265814300114687097e-03,5.052723667954843630e-04
5.978078516269309528e-01,-1.686110637600283235e-01,3.485314437936117005e-02,1.121891556386925542e-03,1.265814300114687097e-03,5.052723667954843630e-04
5.978078516269309528e-01,-1.686110637600283235e-01,3.485314437936117005e-02,1.121891556386925542e-03,1.265814300114687097e-03,5.052723667954843630e-04
5.978078516269309528e-01,-1.686110637600283235e-01,3.485314437936117005e-02,1.121891556386925542e-03,1.265814300114687097e-03,5.052723667954843630e-04
5.978078516269309528e-01,-1.686110637600283235e-01,3.485314437936117005e-02,1.121891556386925542e-03,1.265814300114687097e-03,5.052723667954843630e-04
5.978078516269309528e-01,-1.686110637600283235e-01,3.485314437936117005e-02,1.121891556386925542e-03,1.265814300114687097e-03,5.052723667954843630e-04
5.978078516269309528e-01,-1.686110637600283235e-01,3.485314437936117005e-02,1.121891556386925542e-03,1.265814300114687097e-03,5.052723667954843630e-04
5.978078516269309528e-01,-1.686110637600283235e-01,3.485314437936117005e-02,1.121891556386925542e-03,1.265814300114687097e-03,5.052723667954843630e-04
5.978078516269309528e-01,-1.686110637600283235e-01,3.485314437936117005e-02,1.121891556386925542e-03,1.265814300114687097e-03,5.052723667954843630e-04
5.978078516269309528e-01,-1.686110637600283235e-01,3.485314437936117005e-02,1.121891556386925542e-03,1.265814300114687097e-03,5.052723667954843630e-04
5.978078516269309528e-01,-1.686110637600283235e-01,3.485314437936117005e-02,1.121891556386925542e-03,1.265814300114687097e-03,5.052723667954843630e-04
5.978078516269309528e-01,-1.686110637600283235e-01,3.485314437936117005e-02,1.121891556386925542e-03,1.265814300114687097e-03,5.052723667954843630e-04
5.978078516269309528e-01,-1.686110637600283235e-01,3.485314437936117005e-02,1.121891556386925542e-03,1.265814300114687097e-03,5.052723667954843630e-04
5.978078516269309528e-01,-1.686110637600283235e-01,3.485314437936117005e-02,1.121891556386925542e-03,1.265814300114687097e-03,5.052723667954843630e-04
5.978078516269309528e-01,-1.686110637600283235e-01,3.485314437936117005e-02,1.121891556386925542e-03,1.265814300114687097e-03,5.052723667954843630e-04
6.055966691912719746e-01,-1.848645266590594749e-01,3.574441438886818978e-02,1.091547215821590854e-03,1.370188253135079786e-03,5.156162265654588763e-04
6.055966691912719746e-01,-1.848645266590594749e-01,3.574441438886818978e-02,1.091547215821590854e-03,1.370188253135079786e-03,5.156162265654588763e-04
6.055966691912719746e-01,-1.848645266590594749e-01,3.574441438886818978e-02,1.091547215821590854e-03,1.370188253135079786e-03,5.156162265654588763e-04
6.055966691912719746e-01,-1.848645266590594749e-01,3.574441438886818978e-02,1.091547215821590854e-03,1.370188253135079786e-03,5.156162265654588763e-04
6.055966691912719746e-01,-1.848645266590594749e-01,3.574441438886818978e-02,1.091547215821590854e-03,1.370188253135079786e-03,5.156162265654588763e-04
6.055966691912719746e-01,-1.848645266590594749e-01,3.574441438886818978e-02,1.091547215821590854e-03,1.370188253135079786e-03,5.156162265654588763e-04
6.055966691912719746e-01,-1.848645266590594749e-01,3.574441438886818978e-02,1.091547215821590854e-03,1.370188253135079786e-03,5.156162265654588763e-04
6.055966691912719746e-01,-1.848645266590594749e-01,3.574441438886818978e-02,1.091547215821590854e-03,1.370188253135079786e-03,5.156162265654588763e-04
6.055966691912719746e-01,-1.848645266590594749e-01,3.574441438886818978e-02,1.091547215821590854e-03,1.370188253135079786e-03,5.156162265654588763e-04
6.055966691912719746e-01,-1.848645266590594749e-01,3.574441438886818978e-02,1.091547215821590854e-03,1.370188253135079786e-03,5.156162265654588763e-04
6.055966691912719746e-01,-1.848645266590594749e-01,3.574441438886818978e-02,1.091547215821590854e-03,1.370188253135079786e-03,5.156162265654588763e-04
6.055966691912719746e-01,-1.848645266590594749e-01,3.574441438886818978e-02,1.091547215821590854e-03,1.370188253135079786e-03,5.156162265654588763e-04
6.055966691912719746e-01,-1.848645266590594749e-01,3.574441438886818978e-02,1.091547215821590854e-03,1.370188253135079786e-03,5.156162265654588763e-04
6.055966691912719746e-01,-1.848645266590594749e-01,3.574441438886818978e-02,1.091547215821590854e-03,1.370188253135079786e-03,5.156162265654588763e-04
6.055966691912719746e-01,-1.848645266590594749e-01,3.574441438886818978e-02,1.091547215821590854e-03,1.370188253135079786e-03,5.156162265654588763e-04
6.128687043991702943e-01,-2.039733941578863730e-01,3.587953429596325156e-02,1.079813302178123666e-03,1.187342448185551907e-03,5.077744841672791930e-04
6.128687043991702943e-01,-2.039733941578863730e-01,3.587953429596325156e-02,1.079813302178123666e-03,1.187342448185551907e-03,5.077744841672791930e-04
6.128687043991702943e-01,-2.039733941578863730e-01,3.587953429596325156e-02,1.079813302178123666e-03,1.187342448185551907e-03,5.077744841672791930e-04
6.128687043991702943e-01,-2.039733941578863730e-01,3.587953429596325156e-02,1.079813302178123666e-03,1.187342448185551907e-03,5.077744841672791930e-04
6.128687043991702943e-01,-2.039733941578863730e-01,3.587953429596325156e-02,1.079813302178123666e-03,1.187342448185551907e-03,5.077744841672791930e-04
6.128687043991702943e-01,-2.039733941578863730e-01,3.587953429596325156e-02,1.079813302178123666e-03,1.187342448185551907e-03,5.077744841672791930e-04
6.128687043991702943e-01,-2.039733941578863730e-01,3.587953429596325156e-02,1.079813302178123666e-03,1.187342448185551907e-03,5.077744841672791930e-04
6.128687043991702943e-01,-2.039733941578863730e-01,3.587953429596325156e-02,1.079813302178123666e-03,1.187342448185551907e-03,5.077744841672791930e-04
6.128687043991702943e-01,-2.039733941578863730e-01,3.587953429596325156e-02,1.079813302178123666e-03,1.187342448185551907e-03,5.077744841672791930e-04
6.128687043991702943e-01,-2.039733941578863730e-01,3.587953429596325156e-02,1.079813302178123666e-03,1.187342448185551907e-03,5.077744841672791930e-04
6.128687043991702943e-01,-2.039733941578863730e-01,3.587953429596325156e-02,1.079813302178123666e-03,1.187342448185551907e-03,5.077744841672791930e-04
6.128687043991702943e-01,-2.039733941578863730e-01,3.587953429596325156e-02,1.079813302178123666e-03,1.187342448185551907e-03,5.077744841672791930e-04
6.128687043991702943e-01,-2.039733941578863730e-01,3.587953429596325156e-02,1.079813302178123666e-03,1.187342448185551907e-03,5.077744841672791930e-04
6.128687043991702943e-01,-2.039733941578863730e-01,3.587953429596325156e-02,1.079813302178123666e-03,1.187342448185551907e-03,5.077744841672791930e-04
6.128687043991702943e-01,-2.039733941578863730e-01,3.587953429596325156e-02,1.079813302178123666e-03,1.187342448185551907e-03,5.077744841672791930e-04
6.194844976159176175e-01,-2.233646491666292644e-01,3.600880303232639051e-02,1.075303419911472240e-03,1.135318372957046500e-03,5.054321985261035375e-04
6.194844976159176175e-01,-2.233646491666292644e-01,3.600880303232639051e-02,1.075303419911472240e-03,1.135318372957046500e-03,5.054321985261035375e-04
6.194844976159176175e-01,-2.233646491666292644e-01,3.600880303232639051e-02,1.075303419911472240e-03,1.135318372957046500e-03,5.054321985261035375e-04
6.194844976159176175e-01,-2.233646491666292644e-01,3.600880303232639051e-02,1.075303419911472240e-03,1.135318372957046500e-03,5.054321985261035375e-04
6.194844976159176175e-01,-2.233646491666292644e-01,3.600880303232639051e-02,1.075303419911472240e-03,1.135318372957046500e-03,5.054321985261035375e-04
6.194844976159176175e-01,-2.233646491666292644e-01,3.600880303232639051e-02,1.075303419911472240e-03,1.135318372957046500e-03,5.054321985261035375e-04
6.194844976159176175e-01,-2.233646491666292644e-01,3.600880303232639051e-02,1.075303419911472240e-03,1.135318372957046500e-03,5.054321985261035375e-04
6.194844976159176175e-01,-2.233646491666292644e-01,3.600880303232639051e-02,1.075303419911472240e-03,1.135318372957046500e-03,5.054321985261035375e-04
6.194844976159176175e-01,-2.233646491666292644e-01,3.600880303232639051e-02,1.075303419911472240e-03,1.135318372957046500e-03,5.054321985261035375e-04
6.194844976159176175e-01,-2.233646491666292644e-01,3.600880303232639051e-02,1.075303419911472240e-03,1.135318372957046500e-03,5.054321985261035375e-04
6.194844976159176175e-01,-2.233646491666292644e-01,3.600880303232639051e-02,1.075303419911472240e-03,1.135318372957046500e-03,5.054321985261035375e-04
6.194844976159176175e-01,-2.233646491666292644e-01,3.600880303232639051e-02,1.075303419911472240e-03,1.135318372957046500e-03,5.054321985261035375e-04
6.194844976159176175e-01,-2.233646491666292644e-01,3.600880303232639051e-02,1.075303419911472240e-03,1.135318372957046500e-03,5.054321985261035375e-04
6.194844976159176175e-01,-2.233646491666292644e-01,3.600880303232639051e-02,1.075303419911472240e-03,1.135318372957046500e-03,5.054321985261035375e-04
6.194844976159176175e-01,-2.233646491666292644e-01,3.600880303232639051e-02,1.075303419911472240e-03,1.135318372957046500e-03,5.054321985261035375e-04
6.254874943100033891e-01,-2.431556237078750793e-01,3.610684954016796233e-02,1.073213124448614553e-03,1.124526054768252691e-03,5.047687813974670789e-04
6.254874943100033891e-01,-2.431556237078750793e-01,3.610684954016796233e-02,1.073213124448614553e-03,1.124526054768252691e-03,5.047687813974670789e-04
6.254874943100033891e-01,-2.431556237078750793e-01,3.610684954016796233e-02,1.073213124448614553e-03,1.124526054768252691e-03,5.047687813974670789e-04
6.254874943100033891e-01,-2.431556237078750793e-01,3.610684954016796233e-02,1.073213124448614553e-03,1.124526054768252691e-03,5.047687813974670789e-04
6.254874943100033891e-01,-2.431556237078750793e-01,3.610684954016796233e-02,1.073213124448614553e-03,1.124526054768252691e-03,5.047687813974670789e-04
6.254874943100033891e-01,-2.431556237078750793e-01,3.610684954016796233e-02,1.073213124448614553e-03,1.124526054768252691e-03,5.047687813974670789e-04
6.254874943100033891e-01,-2.431556237078750793e-01,3.610684954016796233e-02,1.073213124448614553e-03,1.124526054768252691e-03,5.047687813974670789e-04
6.254874943100033891e-01,-2.431556237078750793e-01,3.610684954016796233e-02,1.073213124448614553e-03,1.124526054768252691e-03,5.047687813974670789e-04
6.254874943100033891e-01,-2.431556237078750793e-01,3.610684954016796233e-02,1.073213124448614553e-03,1.124526054768252691e-03,5.047687813974670789e-04
6.254874943100033891e-01,-2.431556237078750793e-01,3.610684954016796233e-02,1.073213124448614553e-03,1.124526054768252691e-03,5.047687813974670789e-04
6.254874943100033891e-01,-2.431556237078750793e-01,3.610684954016796233e-02,1.073213124448614553e-03,1.124526054768252691e-03,5.047687813974670789e-04
6.254874943100033891e-01,-2.431556237078750793e-01,3.610684954016796233e-02,1.073213124448614553e-03,1.124526054768252691e-03,5.047687813974670789e-04
6.254874943100033891e-01,-2.431556237078750793e-01,3.610684954016796233e-02,1.073213124448614553e-03,1.124526054768252691e-03,5.047687813974670789e-04
6.254874943100033891e-01,-2.431556237078750793e-01,3.610684954016796233e-02,1.073213124448614553e-03,1.124526054768252691e-03,5.047687813974670789e-04
6.254874943100033891e-01,-2.431556237078750793e-01,3.610684954016796233e-02,1.073213124448614553e-03,1.124526054768252691e-03,5.047687813974670789e-04
6.308751048895043789e-01,-2.633859311048302732e-01,3.616496852917751303e-02,1.072425101291323750e-03,1.127596646896839938e-03,5.045758924632152542e-04
6.308751048895043789e-01,-2.633859311048302732e-01,3.616496852917751303e-02,1.072425101291323750e-03,1.127596646896839938e-03,5.045758924632152542e-04
6.308751048895043789e-01,-2.633859311048302732e-01,3.616496852917751303e-02,1.072425101291323750e-03,1.127596646896839938e-03,5.045758924632152542e-04
6.308751048895043789e-01,-2.633859311048302732e-01,3.616496852917751303e-02,1.072425101291323750e-03,1.127596646896839938e-03,5.045758924632152542e-04
6.308751048895043789e-01,-2.633859311048302732e-01,3.616496852917751303e-02,1.072425101291323750e-03,1.127596646896839938e-03,5.045758924632152542e-04
6.308751048895043789e-01,-2.633859311048302732e-01,3.616496852917751303e-02,1.072425101291323750e-03,1.127596646896839938e-03,5.045758924632152542e-04
6.308751048895043789e-01,-2.633859311048302732e-01,3.616496852917751303e-02,1.072425101291323750e-03,1.127596646896839938e-03,5.045758924632152542e-04
6.308751048895043789e-01,-2.633859311048302732e-01,3.616496852917751303e-02,1.072425101291323750e-03,1.127596646896839938e-03,5.045758924632152542e-04
6.308751048895043789e-01,-2.633859311048302732e-01,3.616496852917751303e-02,1.072425101291323750e-03,1.127596646896839938e-03,5.045758924632152542e-04
6.308751048895043789e-01,-2.633859311048302732e-01,3.616496852917751303e-02,1.072425101291323750e-03,1.127596646896839938e-03,5.045758924632152542e-04
6.308751048895043789e-01,-2.633859311048302732e-01,3.616496852917751303e-02,1.072425101291323750e-03,1.127596646896839938e-03,5.045758924632152542e-04
6.308751048895043789e-01,-2.633859311048302732e-01,3.616496852917751303e-02,1.072425101291323750e-03,1.127596646896839938e-03,5.045758924632152542e-04
6.308751048895043789e-01,-2.633859311048302732e-01,3.616496852917751303e-02,1.072425101291323750e-03,1.127596646896839938e-03,5.045758924632152542e-04
6.308751048895043789e-01,-2.633859311048302732e-01,3.616496852917751303e-02,1.072425101291323750e-03,1.127596646896839938e-03,5.045758924632152542e-04
6.308751048895043789e-01,-2.633859311048302732e-01,3.616496852917751303e-02,1.072425101291323750e-03,1.127596646896839938e-03,5.045758924632152542e-04
6.356265734233061959e-01,-2.840765584070935046e-01,3.618031756921568504e-02,1.073266616379629432e-03,1.138236864127644158e-03,5.044908227727261602e-04
6.356265734233061959e-01,-2.840765584070935046e-01,3.618031756921568504e-02,1.073266616379629432e-03,1.138236864127644158e-03,5.044908227727261602e-04
6.356265734233061959e-01,-2.840765584070935046e-01,3.618031756921568504e-02,1.073266616379629432e-03,1.138236864127644158e-03,5.044908227727261602e-04
6.356265734233061959e-01,-2.840765584070935046e-01,3.618031756921568504e-02,1.073266616379629432e-03,1.138236864127644158e-03,5.044908227727261602e-04
6.356265734233061959e-01,-2.840765584070935046e-01,3.618031756921568504e-02,1.073266616379629432e-03,1.138236864127644158e-03,5.044908227727261602e-04
6.356265734233061959e-01,-2.840765584070935046e-01,3.618031756921568504e-02,1.073266616379629432e-03,1.138236864127644158e-03,5.044908227727261602e-04
6.356265734233061959e-01,-2.840765584070935046e-01,3.618031756921568504e-02,1.073266616379629432e-03,1.138236864127644158e-03,5.044908227727261602e-04
6.356265734233061959e-01,-2.840765584070935046e-01,3.618031756921568504e-02,1.073266616379629432e-03,1.138236864127644158e-03,5.044908227727261602e-04
6.356265734233061959e-01,-2.840765584070935046e-01,3.618031756921568504e-02,1.073266616379629432e-03,1.138236864127644158e-03,5.044908227727261602e-04
6.356265734233061959e-01,-2.840765584070935046e-01,3.618031756921568504e-02,1.073266616379629432e-03,1.138236864127644158e-03,5.044908227727261602e-04
6.356265734233061959e-01,-2.840765584070935046e-01,3.618031756921568504e-02,1.073266616379629432e-03,1.138236864127644158e-03,5.044908227727261602e-04
6.356265734233061959e-01,-2.840765584070935046e-01,3.618031756921568504e-02,1.073266616379629432e-03,1.138236864127644158e-03,5.044908227727261602e-04
6.356265734233061959e-01,-2.840765584070935046e-01,3.618031756921568504e-02,1.073266616379629432e-03,1.138236864127644158e-03,5.044908227727261602e-04
6.356265734233061959e-01,-2.840765584070935046e-01,3.618031756921568504e-02,1.073266616379629432e-03,1.138236864127644158e-03,5.044908227727261602e-04
6.356265734233061959e-01,-2.840765584070935046e-01,3.618031756921568504e-02,1.073266616379629432e-03,1.138236864127644158e-03,5.044908227727261602e-04
6.397081305823937303e-01,-3.052580074135731736e-01,3.615224532898265314e-02,1.077128116543912221e-03,1.157897763652750590e-03,5.043988970209407939e-04
6.397081305823937303e-01,-3.052580074135731736e-01,3.615224532898265314e-02,1.077128116543912221e-03,1.157897763652750590e-03,5.043988970209407939e-04
6.397081305823937303e-01,-3.052580074135731736e-01,3.615224532898265314e-02,1.077128116543912221e-03,1.157897763652750590e-03,5.043988970209407939e-04
6.397081305823937303e-01,-3.052580074135731736e-01,3.615224532898265314e-02,1.077128116543912221e-03,1.157897763652750590e-03,5.043988970209407939e-04
6.397081305823937303e-01,-3.052580074135731736e-01,3.615224532898265314e-02,1.077128116543912221e-03,1.157897763652750590e-03,5.043988970209407939e-04
6.397081305823937303e-01,-3.052580074135731736e-01,3.615224532898265314e-02,1.077128116543912221e-03,1.157897763652750590e-03,5.043988970209407939e-04
6.397081305823937303e-01,-3.052580074135731736e-01,3.615224532898265314e-02,1.077128116543912221e-03,1.157897763652750590e-03,5.043988970209407939e-04
6.397081305823937303e-01,-3.052580074135731736e-01,3.615224532898265314e-02,1.077128116543912221e-03,1.157897763652750590e-03,5.043988970209407939e-04
6.397081305823937303e-01,-3.052580074135731736e-01,3.615224532898265314e-02,1.077128116543912221e-03,1.157897763652750590e-03,5.043988970209407939e-04
6.397081305823937303e-01,-3.052580074135731736e-01,3.615224532898265314e-02,1.077128116543912221e-03,1.157897763652750590e-03,5.043988970209407939e-04
6.397081305823937303e-01,-3.052580074135731736e-01,3.615224532898265314e-02,1.077128116543912221e-03,1.157897763652750590e-03,5.043988970209407939e-04
6.397081305823937303e-01,-3.052580074135731736e-01,3.615224532898265314e-02,1.077128116543912221e-03,1.157897763652750590e-03,5.043988970209407939e-04
6.397081305823937303e-01,-3.052580074135731736e-01,3.615224532898265314e-02,1.077128116543912221e-03,1.157897763652750590e-03,5.043988970209407939e-04
6.397081305823937303e-01,-3.052580074135731736e-01,3.615224532898265314e-02,1.077128116543912221e-03,1.157897763652750590e-03,5.043988970209407939e-04
6.397081305823937303e-01,-3.052580074135731736e-01,3.615224532898265314e-02,1.077128116543912221e-03,1.157897763652750590e-03,5.043988970209407939e-04
6.436396124165829624e-01,-3.260920119825493901e-01,3.604815013014762287e-02,1.064639363688532235e-03,1.120434126611132182e-03,5.037849101595991228e-04
6.436396124165829624e-01,-3.260920119825493901e-01,3.604815013014762287e-02,1.064639363688532235e-03,1.120434126611132182e-03,5.037849101595991228e-04
6.436396124165829624e-01,-3.260920119825493901e-01,3.604815013014762287e-02,1.064639363688532235e-03,1.120434126611132182e-03,5.037849101595991228e-04
6.436396124165829624e-01,-3.260920119825493901e-01,3.604815013014762287e-02,1.064639363688532235e-03,1.120434126611132182e-03,5.037849101595991228e-04
6.436396124165829624e-01,-3.260920119825493901e-01,3.604815013014762287e-02,1.064639363688532235e-03,1.120434126611132182e-03,5.037849101595991228e-04
6.436396124165829624e-01,-3.260920119825493901e-01,3.604815013014762287e-02,1.064639363688532235e-03,1.120434126611132182e-03,5.037849101595991228e-04
6.436396124165829624e-01,-3.260920119825493901e-01,3.604815013014762287e-02,1.064639363688532235e-03,1.120434126611132182e-03,5.037849101595991228e-04
6.436396124165829624e-01,-3.260920119825493901e-01,3.604815013014762287e-02,1.064639363688532235e-03,1.120434126611132182e-03,5.037849101595991228e-04
6.436396124165829624e-01,-3.260920119825493901e-01,3.604815013014762287e-02,1.064639363688532235e-03,1.120434126611132182e-03,5.037849101595991228e-04
6.436396124165829624e-01,-3.260920119825493901e-01,3.604815013014762287e-02,1.064639363688532235e-03,1.120434126611132182e-03,5.037849101595991228e-04
6.436396124165829624e-01,-3.260920119825493901e-01,3.604815013014762287e-02,1.064639363688532235e-03,1.120434126611132182e-03,5.037849101595991228e-04
6.436396124165829624e-01,-3.260920119825493901e-01,3.604815013014762287e-02,1.064639363688532235e-03,1.120434126611132182e-03,5.037849101595991228e-04
6.436396124165829624e-01,-3.260920119825493901e-01,3.604815013014762287e-02,1.064639363688532235e-03,1.120434126611132182e-03,5.037849101595991228e-04
6.436396124165829624e-01,-3.260920119825493901e-01,3.604815013014762287e-02,1.064639363688532235e-03,1.120434126611132182e-03,5.037849101595991228e-04
6.436396124165829624e-01,-3.260920119825493901e-01,3.604815013014762287e-02,1.064639363688532235e-03,1.120434126611132182e-03,5.037849101595991228e-04
6.466952543516270024e-01,-3.477776438906853285e-01,3.591033305539444165e-02,1.063016804505240599e-03,1.121797352673500761e-03,5.030958537660173632e-04
6.466952543516270024e-01,-3.477776438906853285e-01,3.591033305539444165e-02,1.063016804505240599e-03,1.121797352673500761e-03,5.030958537660173632e-04
6.466952543516270024e-01,-3.477776438906853285e-01,3.591033305539444165e-02,1.063016804505240599e-03,1.121797352673500761e-03,5.030958537660173632e-04
6.466952543516270024e-01,-3.477776438906853285e-01,3.591033305539444165e-02,1.063016804505240599e-03,1.121797352673500761e-03,5.030958537660173632e-04
6.466952543516270024e-01,-3.477776438906853285e-01,3.591033305539444165e-02,1.063016804505240599e-03,1.121797352673500761e-03,5.030958537660173632e-04
6.466952543516270024e-01,-3.477776438906853285e-01,3.591033305539444165e-02,1.063016804505240599e-03,1.121797352673500761e-03,5.030958537660173632e-04
6.466952543516270024e-01,-3.477776438906853285e-01,3.591033305539444165e-02,1.063016804505240599e-03,1.121797352673500761e-03,5.030958537660173632e-04
6.466952543516270024e-01,-3.477776438906853285e-01,3.591033305539444165e-02,1.063016804505240599e-03,1.121797352673500761e-03,5.030958537660173632e-04
6.466952543516270024e-01,-3.477776438906853285e-01,3.591033305539444165e-02,1.063016804505240599e-03,1.121797352673500761e-03,5.030958537660173632e-04
6.466952543516270024e-01,-3.477776438906853285e-01,3.591033305539444165e-02,1.063016804505240599e-03,1.121797352673500761e-03,5.030958537660173632e-04
6.466952543516270024e-01,-3.477776438906853285e-01,3.591033305539444165e-02,1.063016804505240599e-03,1.121797352673500761e-03,5.030958537660173632e-04
6.466952543516270024e-01,-3.477776438906853285e-01,3.591033305539444165e-02,1.063016804505240599e-03,1.121797352673500761e-03,5.030958537660173632e-04
6.466952543516270024e-01,-3.477776438906853285e-01,3.591033305539444165e-02,1.063016804505240599e-03,1.121797352673500761e-03,5.030958537660173632e-04
6.466952543516270024e-01,-3.477776438906853285e-01,3.591033305539444165e-02,1.063016804505240599e-03,1.121797352673500761e-03,5.030958537660173632e-04
6.466952543516270024e-01,-3.477776438906853285e-01,3.591033305539444165e-02,1.063016804505240599e-03,1.121797352673500761e-03,5.030958537660173632e-04
6.492059331297066471e-01,-3.698091876909798126e-01,3.571666350119059169e-02,1.061525262947335575e-03,1.122830517113288396e-03,5.018336322200790548e-04
6.492059331297066471e-01,-3.698091876909798126e-01,3.571666350119059169e-02,1.061525262947335575e-03,1.122830517113288396e-03,5.018336322200790548e-04
6.492059331297066471e-01,-3.698091876909798126e-01,3.571666350119059169e-02,1.061525262947335575e-03,1.122830517113288396e-03,5.018336322200790548e-04
6.492059331297066471e-01,-3.698091876909798126e-01,3.571666350119059169e-02,1.061525262947335575e-03,1.122830517113288396e-03,5.018336322200790548e-04
6.492059331297066471e-01,-3.698091876909798126e-01,3.571666350119059169e-02,1.061525262947335575e-03,1.122830517113288396e-03,5.018336322200790548e-04
6.492059331297066471e-01,-3.698091876909798126e-01,3.571666350119059169e-02,1.061525262947335575e-03,1.122830517113288396e-03,5.018336322200790548e-04
6.492059331297066471e-01,-3.698091876909798126e-01,3.571666350119059169e-02,1.061525262947335575e-03,1.122830517113288396e-03,5.018336322200790548e-04
6.492059331297066471e-01,-3.698091876909798126e-01,3.571666350119059169e-02,1.061525262947335575e-03,1.122830517113288396e-03,5.018336322200790548e-04
6.492059331297066471e-01,-3.698091876909798126e-01,3.571666350119059169e-02,1.061525262947335575e-03,1.122830517113288396e-03,5.018336322200790548e-04
6.492059331297066471e-01,-3.698091876909798126e-01,3.571666350119059169e-02,1.061525262947335575e-03,1.122830517113288396e-03,5.018336322200790548e-04
6.492059331297066471e-01,-3.698091876909798126e-01,3.571666350119059169e-02,1.061525262947335575e-03,1.122830517113288396e-03,5.018336322200790548e-04
6.492059331297066471e-01,-3.698091876909798126e-01,3.571666350119059169e-02,1.061525262947335575e-03,1.122830517113288396e-03,5.018336322200790548e-04
6.492059331297066471e-01,-3.698091876909798126e-01,3.571666350119059169e-02,1.061525262947335575e-03,1.122830517113288396e-03,5.018336322200790548e-04
6.492059331297066471e-01,-3.698091876909798126e-01,3.571666350119059169e-02,1.061525262947335575e-03,1.122830517113288396e-03,5.018336322200790548e-04
6.492059331297066471e-01,-3.698091876909798126e-01,3.571666350119059169e-02,1.061525262947335575e-03,1.122830517113288396e-03,5.018336322200790548e-04
6.512163526591893126e-01,-3.921829815960019006e-01,3.546241079281761688e-02,1.060246091607622461e-03,1.123284463613951484e-03,4.995526417034722643e-04
6.512163526591893126e-01,-3.921829815960019006e-01,3.546241079281761688e-02,1.060246091607622461e-03,1.123284463613951484e-03,4.995526417034722643e-04
6.512163526591893126e-01,-3.921829815960019006e-01,3.546241079281761688e-02,1.060246091607622461e-03,1.123284463613951484e-03,4.995526417034722643e-04
6.512163526591893126e-01,-3.921829815960019006e-01,3.546241079281761688e-02,1.060246091607622461e-03,1.123284463613951484e-03,4.995526417034722643e-04
6.512163526591893126e-01,-3.921829815960019006e-01,3.546241079281761688e-02,1.060246091607622461e-03,1.123284463613951484e-03,4.995526417034722643e-04
6.512163526591893126e-01,-3.921829815960019006e-01,3.546241079281761688e-02,1.060246091607622461e-03,1.123284463613951484e-03,4.995526417034722643e-04
6.512163526591893126e-01,-3.921829815960019006e-01,3.546241079281761688e-02,1.060246091607622461e-03,1.123284463613951484e-03,4.995526417034722643e-04
6.512163526591893126e-01,-3.921829815960019006e-01,3.546241079281761688e-02,1.060246091607622461e-03,1.123284463613951484e-03,4.995526417034722643e-04
6.512163526591893126e-01,-3.921829815960019006e-01,3.546241079281761688e-02,1.060246091607622461e-03,1.123284463613951484e-03,4.995526417034722643e-04
6.512163526591893126e-01,-3.921829815960019006e-01,3.546241079281761688e-02,1.060246091607622461e-03,1.123284463613951484e-03,4.995526417034722643e-04
6.512163526591893126e-01,-3.921829815960019006e-01,3.546241079281761688e-02,1.060246091607622461e-03,1.123284463613951484e-03,4.995526417034722643e-04
6.512163526591893126e-01,-3.921829815960019006e-01,3.546241079281761688e-02,1.060246091607622461e-03,1.123284463613951484e-03,4.995526417034722643e-04
6.512163526591893126e-01,-3.921829815960019006e-01,3.546241079281761688e-02,1.060246091607622461e-03,1.123284463613951484e-03,4.995526417034722643e-04
6.512163526591893126e-01,-3.921829815960019006e-01,3.546241079281761688e-02,1.060246091607622461e-03,1.123284463613951484e-03,4.995526417034722643e-04
6.512163526591893126e-01,-3.921829815960019006e-01,3.546241079281761688e-02,1.060246091607622461e-03,1.123284463613951484e-03,4.995526417034722643e-04
6.527728463868962550e-01,-4.149090323363803234e-01,3.514200549139306906e-02,1.059334674233966935e-03,1.122730070159845116e-03,4.954995123184176634e-04
6.527728463868962550e-01,-4.149090323363803234e-01,3.514200549139306906e-02,1.059334674233966935e-03,1.122730070159845116e-03,4.954995123184176634e-04
6.527728463868962550e-01,-4.149090323363803234e-01,3.514200549139306906e-02,1.059334674233966935e-03,1.122730070159845116e-03,4.954995123184176634e-04
6.527728463868962550e-01,-4.149090323363803234e-01,3.514200549139306906e-02,1.059334674233966935e-03,1.122730070159845116e-03,4.954995123184176634e-04
6.527728463868962550e-01,-4.149090323363803234e-01,3.514200549139306906e-02,1.059334674233966935e-03,1.122730070159845116e-03,4.954995123184176634e-04
6.527728463868962550e-01,-4.149090323363803234e-01,3.514200549139306906e-02,1.059334674233966935e-03,1.122730070159845116e-03,4.954995123184176634e-04
6.527728463868962550e-01,-4.149090323363803234e-01,3.514200549139306906e-02,1.059334674233966935e-03,1.122730070159845116e-03,4.954995123184176634e-04
6.527728463868962550e-01,-4.149090323363803234e-01,3.514200549139306906e-02,1.059334674233966935e-03,1.122730070159845116e-03,4.954995123184176634e-04
6.527728463868962550e-01,-4.149090323363803234e-01,3.514200549139306906e-02,1.059334674233966935e-03,1.122730070159845116e-03,4.954995123184176634e-04
6.527728463868962550e-01,-4.149090323363803234e-01,3.514200549139306906e-02,1.059334674233966935e-03,1.122730070159845116e-03,4.954995123184176634e-04
6.527728463868962550e-01,-4.149090323363803234e-01,3.514200549139306906e-02,1.059334674233966935e-03,1.122730070159845116e-03,4.954995123184176634e-04
6.527728463868962550e-01,-4.149090323363803234e-01,3.514200549139306906e-02,1.059334674233966935e-03,1.122730070159845116e-03,4.954995123184176634e-04
6.527728463868962550e-01,-4.149090323363803234e-01,3.514200549139306906e-02,1.059334674233966935e-03,1.122730070159845116e-03,4.954995123184176634e-04
6.527728463868962550e-01,-4.149090323363803234e-01,3.514200549139306906e-02,1.059334674233966935e-03,1.122730070159845116e-03,4.954995123184176634e-04
6.527728463868962550e-01,-4.149090323363803234e-01,3.514200549139306906e-02,1.059334674233966935e-03,1.122730070159845116e-03,4.954995123184176634e-04
6.538887533262284224e-01,-4.380182203642405403e-01,3.475090673933862312e-02,1.059075136779476234e-03,1.120441090078869726e-03,4.884523336260210204e-04
6.538887533262284224e-01,-4.380182203642405403e-01,3.475090673933862312e-02,1.059075136779476234e-03,1.120441090078869726e-03,4.884523336260210204e-04
6.538887533262284224e-01,-4.380182203642405403e-01,3.475090673933862312e-02,1.059075136779476234e-03,1.120441090078869726e-03,4.884523336260210204e-04
6.538887533262284224e-01,-4.380182203642405403e-01,3.475090673933862312e-02,1.059075136779476234e-03,1.120441090078869726e-03,4.884523336260210204e-04
6.538887533262284224e-01,-4.380182203642405403e-01,3.475090673933862312e-02,1.059075136779476234e-03,1.120441090078869726e-03,4.884523336260210204e-04
6.538887533262284224e-01,-4.380182203642405403e-01,3.475090673933862312e-02,1.059075136779476234e-03,1.120441090078869726e-03,4.884523336260210204e-04
6.538887533262284224e-01,-4.380182203642405403e-01,3.475090673933862312e-02,1.059075136779476234e-03,1.120441090078869726e-03,4.884523336260210204e-04
6.538887533262284224e-01,-4.380182203642405403e-01,3.475090673933862312e-02,1.059075136779476234e-03,1.120441090078869726e-03,4.884523336260210204e-04
6.538887533262284224e-01,-4.380182203642405403e-01,3.475090673933862312e-02,1.059075136779476234e-03,1.120441090078869726e-03,4.884523336260210204e-04
6.538887533262284224e-01,-4.380182203642405403e-01,3.475090673933862312e-02,1.059075136779476234e-03,1.120441090078869726e-03,4.884523336260210204e-04
6.538887533262284224e-01,-4.380182203642405403e-01,3.475090673933862312e-02,1.059075136779476234e-03,1.120441090078869726e-03,4.884523336260210204e-04
6.538887533262284224e-01,-4.380182203642405403e-01,3.475090673933862312e-02,1.059075136779476234e-03,1.120441090078869726e-03,4.884523336260210204e-04
6.538887533262284224e-01,-4.380182203642405403e-01,3.475090673933862312e-02,1.059075136779476234e-03,1.120441090078869726e-03,4.884523336260210204e-04
6.538887533262284224e-01,-4.380182203642405403e-01,3.475090673933862312e-02,1.059075136779476234e-03,1.120441090078869726e-03,4.884523336260210204e-04
6.538887533262284224e-01,-4.380182203642405403e-01,3.475090673933862312e-02,1.059075136779476234e-03,1.120441090078869726e-03,4.884523336260210204e-04
6.544655257898744916e-01,-4.615680098493423755e-01,3.428982229428772371e-02,1.059957718484375554e-03,1.115257018000804547e-03,4.765577847444461943e-04
6.544655257898744916e-01,-4.615680098493423755e-01,3.428982229428772371e-02,1.059957718484375554e-03,1.115257018000804547e-03,4.765577847444461943e-04
6.544655257898744916e-01,-4.615680098493423755e-01,3.428982229428772371e-02,1.059957718484375554e-03,1.115257018000804547e-03,4.765577847444461943e-04
6.544655257898744916e-01,-4.615680098493423755e-01,3.428982229428772371e-02,1.059957718484375554e-03,1.115257018000804547e-03,4.765577847444461943e-04
6.544655257898744916e-01,-4.615680098493423755e-01,3.428982229428772371e-02,1.059957718484375554e-03,1.115257018000804547e-03,4.765577847444461943e-04
6.544655257898744916e-01,-4.615680098493423755e-01,3.428982229428772371e-02,1.059957718484375554e-03,1.115257018000804547e-03,4.765577847444461943e-04
6.544655257898744916e-01,-4.615680098493423755e-01,3.428982229428772371e-02,1.059957718484375554e-03,1.115257018000804547e-03,4.765577847444461943e-04
6.544655257898744916e-01,-4.615680098493423755e-01,3.428982229428772371e-02,1.059957718484375554e-03,1.115257018000804547e-03,4.765577847444461943e-04
6.544655257898744916e-01,-4.615680098493423755e-01,3.428982229428772371e-02,1.059957718484375554e-03,1.115257018000804547e-03,4.765577847444461943e-04
6.544655257898744916e-01,-4.615680098493423755e-01,3.428982229428772371e-02,1.059957718484375554e-03,1.115257018000804547e-03,4.765577847444461943e-04
6.544655257898744916e-01,-4.615680098493423755e-01,3.428982229428772371e-02,1.059957718484375554e-03,1.115257018000804547e-03,4.765577847444461943e-04
6.544655257898744916e-01,-4.615680098493423755e-01,3.428982229428772371e-02,1.059957718484375554e-03,1.115257018000804547e-03,4.765577847444461943e-04
6.544655257898744916e-01,-4.615680098493423755e-01,3.428982229428772371e-02,1.059957718484375554e-03,1.115257018000804547e-03,4.765577847444461943e-04
6.544655257898744916e-01,-4.615680098493423755e-01,3.428982229428772371e-02,1.059957718484375554e-03,1.115257018000804547e-03,4.765577847444461943e-04
6.544655257898744916e-01,-4.615680098493423755e-01,3.428982229428772371e-02,1.059957718484375554e-03,1.115257018000804547e-03,4.765577847444461943e-04
6.541491491833293370e-01,-4.856371185129662038e-01,3.377449839744509769e-02,1.062760389084992574e-03,1.105493433087470327e-03,4.573093495393159842e-04
6.541491491833293370e-01,-4.856371185129662038e-01,3.377449839744509769e-02,1.062760389084992574e-03,1.105493433087470327e-03,4.573093495393159842e-04
6.541491491833293370e-01,-4.856371185129662038e-01,3.377449839744509769e-02,1.062760389084992574e-03,1.105493433087470327e-03,4.573093495393159842e-04
6.541491491833293370e-01,-4.856371185129662038e-01,3.377449839744509769e-02,1.062760389084992574e-03,1.105493433087470327e-03,4.573093495393159842e-04
6.541491491833293370e-01,-4.856371185129662038e-01,3.377449839744509769e-02,1.062760389084992574e-03,1.105493433087470327e-03,4.573093495393159842e-04
6.541491491833293370e-01,-4.856371185129662038e-01,3.377449839744509769e-02,1.062760389084992574e-03,1.105493433087470327e-03,4.573093495393159842e-04
6.541491491833293370e-01,-4.856371185129662038e-01,3.377449839744509769e-02,1.062760389084992574e-03,1.105493433087470327e-03,4.573093495393159842e-04
6.541491491833293370e-01,-4.856371185129662038e-01,3.377449839744509769e-02,1.062760389084992574e-03,1.105493433087470327e-03,4.573093495393159842e-04
6.541491491833293370e-01,-4.856371185129662038e-01,3.377449839744509769e-02,1.062760389084992574e-03,1.105493433087470327e-03,4.573093495393159842e-04
6.541491491833293370e-01,-4.856371185129662038e-01,3.377449839744509769e-02,1.062760389084992574e-03,1.105493433087470327e-03,4.573093495393159842e-04
6.541491491833293370e-01,-4.856371185129662038e-01,3.377449839744509769e-02,1.062760389084992574e-03,1.105493433087470327e-03,4.573093495393159842e-04
6.541491491833293370e-01,-4.856371185129662038e-01,3.377449839744509769e-02,1.062760389084992574e-03,1.105493433087470327e-03,4.573093495393159842e-04
6.541491491833293370e-01,-4.856371185129662038e-01,3.377449839744509769e-02,1.062760389084992574e-03,1.105493433087470327e-03,4.573093495393159842e-04
6.541491491833293370e-01,-4.856371185129662038e-01,3.377449839744509769e-02,1.062760389084992574e-03,1.105493433087470327e-03,4.573093495393159842e-04
6.541491491833293370e-01,-4.856371185129662038e-01,3.377449839744509769e-02,1.062760389084992574e-03,1.105493433087470327e-03,4.573093495393159842e-04
6.521392388638271864e-01,-5.102900718336296215e-01,3.324935731413260903e-02,1.068568425619603572e-03,1.089078555281120398e-03,4.279791361400275178e-04
6.521392388638271864e-01,-5.102900718336296215e-01,3.324935731413260903e-02,1.068568425619603572e-03,1.089078555281120398e-03,4.279791361400275178e-04
6.521392388638271864e-01,-5.102900718336296215e-01,3.324935731413260903e-02,1.068568425619603572e-03,1.089078555281120398e-03,4.279791361400275178e-04
6.521392388638271864e-01,-5.102900718336296215e-01,3.324935731413260903e-02,1.068568425619603572e-03,1.089078555281120398e-03,4.279791361400275178e-04
6.521392388638271864e-01,-5.102900718336296215e-01,3.324935731413260903e-02,1.068568425619603572e-03,1.089078555281120398e-03,4.279791361400275178e-04
6.521392388638271864e-01,-5.102900718336296215e-01,3.324935731413260903e-02,1.068568425619603572e-03,1.089078555281120398e-03,4.279791361400275178e-04
6.521392388638271864e-01,-5.102900718336296215e-01,3.324935731413260903e-02,1.068568425619603572e-03,1.089078555281120398e-03,4.279791361400275178e-04
6.521392388638271864e-01,-5.102900718336296215e-01,3.324935731413260903e-02,1.068568425619603572e-03,1.089078555281120398e-03,4.279791361400275178e-04
6.521392388638271864e-01,-5.102900718336296215e-01,3.324935731413260903e-02,1.068568425619603572e-03,1.089078555281120398e-03,4.279791361400275178e-04
6.521392388638271864e-01,-5.102900718336296215e-01,3.324935731413260903e-02,1.068568425619603572e-03,1.089078555281120398e-03,4.279791361400275178e-04
6.521392388638271864e-01,-5.102900718336296215e-01,3.324935731413260903e-02,1.068568425619603572e-03,1.089078555281120398e-03,4.279791361400275178e-04
6.521392388638271864e-01,-5.102900718336296215e-01,3.324935731413260903e-02,1.068568425619603572e-03,1.089078555281120398e-03,4.279791361400275178e-04
6.521392388638271864e-01,-5.102900718336296215e-01,3.324935731413260903e-02,1.068568425619603572e-03,1.089078555281120398e-03,4.279791361400275178e-04
6.521392388638271864e-01,-5.102900718336296215e-01,3.324935731413260903e-02,1.068568425619603572e-03,1.089078555281120398e-03,4.279791361400275178e-04
6.521392388638271864e-01,-5.102900718336296215e-01,3.324935731413260903e-02,1.068568425619603572e-03,1.089078555281120398e-03,4.279791361400275178e-04
6.470839364685784245e-01,-5.354876809722883824e-01,3.279823951061263537e-02,1.078595790472625408e-03,1.064185450262619768e-03,3.868721448543831730e-04
6.470839364685784245e-01,-5.354876809722883824e-01,3.279823951061263537e-02,1.078595790472625408e-03,1.064185450262619768e-03,3.868721448543831730e-04
6.470839364685784245e-01,-5.354876809722883824e-01,3.279823951061263537e-02,1.078595790472625408e-03,1.064185450262619768e-03,3.868721448543831730e-04
6.470839364685784245e-01,-5.354876809722883824e-01,3.279823951061263537e-02,1.078595790472625408e-03,1.064185450262619768e-03,3.868721448543831730e-04
6.470839364685784245e-01,-5.354876809722883824e-01,3.279823951061263537e-02,1.078595790472625408e-03,1.064185450262619768e-03,3.868721448543831730e-04
6.470839364685784245e-01,-5.354876809722883824e-01,3.279823951061263537e-02,1.078595790472625408e-03,1.064185450262619768e-03,3.868721448543831730e-04
6.470839364685784245e-01,-5.354876809722883824e-01,3.279823951061263537e-02,1.078595790472625408e-03,1.064185450262619768e-03,3.868721448543831730e-04
6.470839364685784245e-01,-5.354876809722883824e-01,3.279823951061263537e-02,1.078595790472625408e-03,1.064185450262619768e-03,3.868721448543831730e-04
6.470839364685784245e-01,-5.354876809722883824e-01,3.279823951061263537e-02,1.078595790472625408e-03,1.064185450262619768e-03,3.868721448543831730e-04
6.470839364685784245e-01,-5.354876809722883824e-01,3.279823951061263537e-02,1.078595790472625408e-03,1.064185450262619768e-03,3.868721448543831730e-04
6.470839364685784245e-01,-5.354876809722883824e-01,3.279823951061263537e-02,1.078595790472625408e-03,1.064185450262619768e-03,3.868721448543831730e-04
6.470839364685784245e-01,-5.354876809722883824e-01,3.279823951061263537e-02,1.078595790472625408e-03,1.064185450262619768e-03,3.868721448543831730e-04
6.470839364685784245e-01,-5.354876809722883824e-01,3.279823951061263537e-02,1.078595790472625408e-03,1.064185450262619768e-03,3.868721448543831730e-04
6.470839364685784245e-01,-5.354876809722883824e-01,3.279823951061263537e-02,1.078595790472625408e-03,1.064185450262619768e-03,3.868721448543831730e-04
6.470839364685784245e-01,-5.354876809722883824e-01,3.279823951061263537e-02,1.078595790472625408e-03,1.064185450262619768e-03,3.868721448543831730e-04
6.373340002018795802e-01,-5.609538234119445521e-01,3.253148520595178228e-02,1.093667487231296965e-03,1.030434110605052888e-03,3.352188866421916070e-04
6.373340002018795802e-01,-5.609538234119445521e-01,3.253148520595178228e-02,1.093667487231296965e-03,1.030434110605052888e-03,3.352188866421916070e-04
6.373340002018795802e-01,-5.609538234119445521e-01,3.253148520595178228e-02,1.093667487231296965e-03,1.030434110605052888e-03,3.352188866421916070e-04
6.373340002018795802e-01,-5.609538234119445521e-01,3.253148520595178228e-02,1.093667487231296965e-03,1.030434110605052888e-03,3.352188866421916070e-04
6.373340002018795802e-01,-5.609538234119445521e-01,3.253148520595178228e-02,1.093667487231296965e-03,1.030434110605052888e-03,3.352188866421916070e-04
6.373340002018795802e-01,-5.609538234119445521e-01,3.253148520595178228e-02,1.093667487231296965e-03,1.030434110605052888e-03,3.352188866421916070e-04
6.373340002018795802e-01,-5.609538234119445521e-01,3.253148520595178228e-02,1.093667487231296965e-03,1.030434110605052888e-03,3.352188866421916070e-04
6.373340002018795802e-01,-5.609538234119445521e-01,3.253148520595178228e-02,1.093667487231296965e-03,1.030434110605052888e-03,3.352188866421916070e-04
6.373340002018795802e-01,-5.609538234119445521e-01,3.253148520595178228e-02,1.093667487231296965e-03,1.030434110605052888e-03,3.352188866421916070e-04
6.373340002018795802e-01,-5.609538234119445521e-01,3.253148520595178228e-02,1.093667487231296965e-03,1.030434110605052888e-03,3.352188866421916070e-04
6.373340002018795802e-01,-5.609538234119445521e-01,3.253148520595178228e-02,1.093667487231296965e-03,1.030434110605052888e-03,3.352188866421916070e-04
6.373340002018795802e-01,-5.609538234119445521e-01,3.253148520595178228e-02,1.093667487231296965e-03,1.030434110605052888e-03,3.352188866421916070e-04
6.373340002018795802e-01,-5.609538234119445521e-01,3.253148520595178228e-02,1.093667487231296965e-03,1.030434110605052888e-03,3.352188866421916070e-04
6.373340002018795802e-01,-5.609538234119445521e-01,3.253148520595178228e-02,1.093667487231296965e-03,1.030434110605052888e-03,3.352188866421916070e-04
6.373340002018795802e-01,-5.609538234119445521e-01,3.253148520595178228e-02,1.093667487231296965e-03,1.030434110605052888e-03,3.352188866421916070e-04
6.216955880734774675e-01,-5.861048417304105529e-01,3.253514179114807420e-02,1.113477594801740283e-03,9.900080312971544418e-04,2.782112597056669617e-04
6.216955880734774675e-01,-5.861048417304105529e-01,3.253514179114807420e-02,1.113477594801740283e-03,9.900080312971544418e-04,2.782112597056669617e-04
6.216955880734774675e-01,-5.861048417304105529e-01,3.253514179114807420e-02,1.113477594801740283e-03,9.900080312971544418e-04,2.782112597056669617e-04
6.216955880734774675e-01,-5.861048417304105529e-01,3.253514179114807420e-02,1.113477594801740283e-03,9.900080312971544418e-04,2.782112597056669617e-04
6.216955880734774675e-01,-5.861048417304105529e-01,3.253514179114807420e-02,1.113477594801740283e-03,9.900080312971544418e-04,2.782112597056669617e-04
6.216955880734774675e-01,-5.861048417304105529e-01,3.253514179114807420e-02,1.113477594801740283e-03,9.900080312971544418e-04,2.782112597056669617e-04
6.216955880734774675e-01,-5.861048417304105529e-01,3.253514179114807420e-02,1.113477594801740283e-03,9.900080312971544418e-04,2.782112597056669617e-04
6.216955880734774675e-01,-5.861048417304105529e-01,3.253514179114807420e-02,1.113477594801740283e-03,9.900080312971544418e-04,2.782112597056669617e-04
6.216955880734774675e-01,-5.861048417304105529e-01,3.253514179114807420e-02,1.113477594801740283e-03,9.900080312971544418e-04,2.782112597056669617e-04
6.216955880734774675e-01,-5.861048417304105529e-01,3.253514179114807420e-02,1.113477594801740283e-03,9.900080312971544418e-04,2.782112597056669617e-04
6.216955880734774675e-01,-5.861048417304105529e-01,3.253514179114807420e-02,1.113477594801740283e-03,9.900080312971544418e-04,2.782112597056669617e-04
6.216955880734774675e-01,-5.861048417304105529e-01,3.253514179114807420e-02,1.113477594801740283e-03,9.900080312971544418e-04,2.782112597056669617e-04
6.216955880734774675e-01,-5.861048417304105529e-01,3.253514179114807420e-02,1.113477594801740283e-03,9.900080312971544418e-04,2.782112597056669617e-04
6.216955880734774675e-01,-5.861048417304105529e-01,3.253514179114807420e-02,1.113477594801740283e-03,9.900080312971544418e-04,2.782112597056669617e-04
6.216955880734774675e-01,-5.861048417304105529e-01,3.253514179114807420e-02,1.113477594801740283e-03,9.900080312971544418e-04,2.782112597056669617e-04
6.002117448323985860e-01,-6.101943575078242477e-01,3.281333516486428792e-02,1.136235378383951972e-03,9.474126026368955879e-04,2.233558707560926967e-04
6.002117448323985860e-01,-6.101943575078242477e-01,3.281333516486428792e-02,1.136235378383951972e-03,9.474126026368955879e-04,2.233558707560926967e-04
6.002117448323985860e-01,-6.101943575078242477e-01,3.281333516486428792e-02,1.136235378383951972e-03,9.474126026368955879e-04,2.233558707560926967e-04
6.002117448323985860e-01,-6.101943575078242477e-01,3.281333516486428792e-02,1.136235378383951972e-03,9.474126026368955879e-04,2.233558707560926967e-04
6.002117448323985860e-01,-6.101943575078242477e-01,3.281333516486428792e-02,1.136235378383951972e-03,9.474126026368955879e-04,2.233558707560926967e-04
6.002117448323985860e-01,-6.101943575078242477e-01,3.281333516486428792e-02,1.136235378383951972e-03,9.474126026368955879e-04,2.233558707560926967e-04
6.002117448323985860e-01,-6.101943575078242477e-01,3.281333516486428792e-02,1.136235378383951972e-03,9.474126026368955879e-04,2.233558707560926967e-04
6.002117448323985860e-01,-6.101943575078242477e-01,3.281333516486428792e-02,1.136235378383951972e-03,9.474126026368955879e-04,2.233558707560926967e-04
6.002117448323985860e-01,-6.101943575078242477e-01,3.281333516486428792e-02,1.136235378383951972e-03,9.474126026368955879e-04,2.233558707560926967e-04
6.002117448323985860e-01,-6.101943575078242477e-01,3.281333516486428792e-02,1.136235378383951972e-03,9.474126026368955879e-04,2.233558707560926967e-04
6.002117448323985860e-01,-6.101943575078242477e-01,3.281333516486428792e-02,1.136235378383951972e-03,9.474126026368955879e-04,2.233558707560926967e-04
6.002117448323985860e-01,-6.101943575078242477e-01,3.281333516486428792e-02,1.136235378383951972e-03,9.474126026368955879e-04,2.233558707560926967e-04
6.002117448323985860e-01,-6.101943575078242477e-01,3.281333516486428792e-02,1.136235378383951972e-03,9.474126026368955879e-04,2.233558707560926967e-04
6.002117448323985860e-01,-6.101943575078242477e-01,3.281333516486428792e-02,1.136235378383951972e-03,9.474126026368955879e-04,2.233558707560926967e-04
6.002117448323985860e-01,-6.101943575078242477e-01,3.281333516486428792e-02,1.136235378383951972e-03,9.474126026368955879e-04,2.233558707560926967e-04
5.741737965830666646e-01,-6.326299559690956587e-01,3.328465371472517226e-02,1.159298043046658264e-03,9.075462368785616480e-04,1.768899679015706664e-04
5.741737965830666646e-01,-6.326299559690956587e-01,3.328465371472517226e-02,1.159298043046658264e-03,9.075462368785616480e-04,1.768899679015706664e-04
5.741737965830666646e-01,-6.326299559690956587e-01,3.328465371472517226e-02,1.159298043046658264e-03,9.075462368785616480e-04,1.768899679015706664e-04
5.741737965830666646e-01,-6.326299559690956587e-01,3.328465371472517226e-02,1.159298043046658264e-03,9.075462368785616480e-04,1.768899679015706664e-04
5.741737965830666646e-01,-6.326299559690956587e-01,3.328465371472517226e-02,1.159298043046658264e-03,9.075462368785616480e-04,1.768899679015706664e-04
5.741737965830666646e-01,-6.326299559690956587e-01,3.328465371472517226e-02,1.159298043046658264e-03,9.075462368785616480e-04,1.768899679015706664e-04
5.741737965830666646e-01,-6.326299559690956587e-01,3.328465371472517226e-02,1.159298043046658264e-03,9.075462368785616480e-04,1.768899679015706664e-04
5.741737965830666646e-01,-6.326299559690956587e-01,3.328465371472517226e-02,1.159298043046658264e-03,9.075462368785616480e-04,1.768899679015706664e-04
5.741737965830666646e-01,-6.326299559690956587e-01,3.328465371472517226e-02,1.159298043046658264e-03,9.075462368785616480e-04,1.768899679015706664e-04
5.741737965830666646e-01,-6.326299559690956587e-01,3.328465371472517226e-02,1.159298043046658264e-03,9.075462368785616480e-04,1.768899679015706664e-04
5.741737965830666646e-01,-6.326299559690956587e-01,3.328465371472517226e-02,1.159298043046658264e-03,9.075462368785616480e-04,1.768899679015706664e-04
5.741737965830666646e-01,-6.326299559690956587e-01,3.328465371472517226e-02,1.159298043046658264e-03,9.075462368785616480e-04,1.768899679015706664e-04
5.741737965830666646e-01,-6.326299559690956587e-01,3.328465371472517226e-02,1.159298043046658264e-03,9.075462368785616480e-04,1.768899679015706664e-04
5.741737965830666646e-01,-6.326299559690956587e-01,3.328465371472517226e-02,1.159298043046658264e-03,9.075462368785616480e-04,1.768899679015706664e-04
5.741737965830666646e-01,-6.326299559690956587e-01,3.328465371472517226e-02,1.159298043046658264e-03,9.075462368785616480e-04,1.768899679015706664e-04
5.453395510560594683e-01,-6.531780983556886300e-01,3.383655649650398750e-02,1.180372241157644480e-03,8.736513274515911526e-04,1.414377574636796508e-04
5.453395510560594683e-01,-6.531780983556886300e-01,3.383655649650398750e-02,1.180372241157644480e-03,8.736513274515911526e-04,1.414377574636796508e-04
5.453395510560594683e-01,-6.531780983556886300e-01,3.383655649650398750e-02,1.180372241157644480e-03,8.736513274515911526e-04,1.414377574636796508e-04
5.453395510560594683e-01,-6.531780983556886300e-01,3.383655649650398750e-02,1.180372241157644480e-03,8.736513274515911526e-04,1.414377574636796508e-04
5.453395510560594683e-01,-6.531780983556886300e-01,3.383655649650398750e-02,1.180372241157644480e-03,8.736513274515911526e-04,1.414377574636796508e-04
5.453395510560594683e-01,-6.531780983556886300e-01,3.383655649650398750e-02,1.180372241157644480e-03,8.736513274515911526e-04,1.414377574636796508e-04
5.453395510560594683e-01,-6.531780983556886300e-01,3.383655649650398750e-02,1.180372241157644480e-03,8.736513274515911526e-04,1.414377574636796508e-04
5.453395510560594683e-01,-6.531780983556886300e-01,3.383655649650398750e-02,1.180372241157644480e-03,8.736513274515911526e-04,1.414377574636796508e-04
5.453395510560594683e-01,-6.531780983556886300e-01,3.383655649650398750e-02,1.180372241157644480e-03,8.736513274515911526e-04,1.414377574636796508e-04
5.453395510560594683e-01,-6.531780983556886300e-01,3.383655649650398750e-02,1.180372241157644480e-03,8.736513274515911526e-04,1.414377574636796508e-04
5.453395510560594683e-01,-6.531780983556886300e-01,3.383655649650398750e-02,1.180372241157644480e-03,8.736513274515911526e-04,1.414377574636796508e-04
5.453395510560594683e-01,-6.531780983556886300e-01,3.383655649650398750e-02,1.180372241157644480e-03,8.736513274515911526e-04,1.414377574636796508e-04
5.453395510560594683e-01,-6.531780983556886300e-01,3.383655649650398750e-02,1.180372241157644480e-03,8.736513274515911526e-04,1.414377574636796508e-04
5.453395510560594683e-01,-6.531780983556886300e-01,3.383655649650398750e-02,1.180372241157644480e-03,8.736513274515911526e-04,1.414377574636796508e-04
5.453395510560594683e-01,-6.531780983556886300e-01,3.383655649650398750e-02,1.180372241157644480e-03,8.736513274515911526e-04,1.414377574636796508e-04
5.151541317719616764e-01,-6.719079051216596543e-01,3.437891604244668053e-02,1.198232610197250397e-03,8.467297273440683872e-04,1.163806892147006719e-04
5.151541317719616764e-01,-6.719079051216596543e-01,3.437891604244668053e-02,1.198232610197250397e-03,8.467297273440683872e-04,1.163806892147006719e-04
5.151541317719616764e-01,-6.719079051216596543e-01,3.437891604244668053e-02,1.198232610197250397e-03,8.467297273440683872e-04,1.163806892147006719e-04
5.151541317719616764e-01,-6.719079051216596543e-01,3.437891604244668053e-02,1.198232610197250397e-03,8.467297273440683872e-04,1.163806892147006719e-04
5.151541317719616764e-01,-6.719079051216596543e-01,3.437891604244668053e-02,1.198232610197250397e-03,8.467297273440683872e-04,1.163806892147006719e-04
5.151541317719616764e-01,-6.719079051216596543e-01,3.437891604244668053e-02,1.198232610197250397e-03,8.467297273440683872e-04,1.163806892147006719e-04
5.151541317719616764e-01,-6.719079051216596543e-01,3.437891604244668053e-02,1.198232610197250397e-03,8.467297273440683872e-04,1.163806892147006719e-04
5.151541317719616764e-01,-6.719079051216596543e-01,3.437891604244668053e-02,1.198232610197250397e-03,8.467297273440683872e-04,1.163806892147006719e-04
5.151541317719616764e-01,-6.719079051216596543e-01,3.437891604244668053e-02,1.198232610197250397e-03,8.467297273440683872e-04,1.163806892147006719e-04
5.151541317719616764e-01,-6.719079051216596543e-01,3.437891604244668053e-02,1.198232610197250397e-03,8.467297273440683872e-04,1.163806892147006719e-04
5.151541317719616764e-01,-6.719079051216596543e-01,3.437891604244668053e-02,1.198232610197250397e-03,8.467297273440683872e-04,1.163806892147006719e-04
5.151541317719616764e-01,-6.719079051216596543e-01,3.437891604244668053e-02,1.198232610197250397e-03,8.467297273440683872e-04,1.163806892147006719e-04
5.151541317719616764e-01,-6.719079051216596543e-01,3.437891604244668053e-02,1.198232610197250397e-03,8.467297273440683872e-04,1.163806892147006719e-04
5.151541317719616764e-01,-6.719079051216596543e-01,3.437891604244668053e-02,1.198232610197250397e-03,8.467297273440683872e-04,1.163806892147006719e-04
5.151541317719616764e-01,-6.719079051216596543e-01,3.437891604244668053e-02,1.198232610197250397e-03,8.467297273440683872e-04,1.163806892147006719e-04
4.844787962226779210e-01,-6.890132122362797595e-01,3.486087867869154533e-02,1.212631363862359769e-03,8.262436606839382736e-04,9.954443052818622950e-05
4.844787962226779210e-01,-6.890132122362797595e-01,3.486087867869154533e-02,1.212631363862359769e-03,8.262436606839382736e-04,9.954443052818622950e-05
4.844787962226779210e-01,-6.890132122362797595e-01,3.486087867869154533e-02,1.212631363862359769e-03,8.262436606839382736e-04,9.954443052818622950e-05
4.844787962226779210e-01,-6.890132122362797595e-01,3.486087867869154533e-02,1.212631363862359769e-03,8.262436606839382736e-04,9.954443052818622950e-05
4.844787962226779210e-01,-6.890132122362797595e-01,3.486087867869154533e-02,1.212631363862359769e-03,8.262436606839382736e-04,9.954443052818622950e-05
4.844787962226779210e-01,-6.890132122362797595e-01,3.486087867869154533e-02,1.212631363862359769e-03,8.262436606839382736e-04,9.954443052818622950e-05
4.844787962226779210e-01,-6.890132122362797595e-01,3.486087867869154533e-02,1.212631363862359769e-03,8.262436606839382736e-04,9.954443052818622950e-05
4.844787962226779210e-01,-6.890132122362797595e-01,3.486087867869154533e-02,1.212631363862359769e-03,8.262436606839382736e-04,9.954443052818622950e-05
4.844787962226779210e-01,-6.890132122362797595e-01,3.486087867869154533e-02,1.212631363862359769e-03,8.262436606839382736e-04,9.954443052818622950e-05
4.844787962226779210e-01,-6.890132122362797595e-01,3.486087867869154533e-02,1.212631363862359769e-03,8.262436606839382736e-04,9.954443052818622950e-05
4.844787962226779210e-01,-6.890132122362797595e-01,3.486087867869154533e-02,1.212631363862359769e-03,8.262436606839382736e-04,9.954443052818622950e-05
4.844787962226779210e-01,-6.890132122362797595e-01,3.486087867869154533e-02,1.212631363862359769e-03,8.262436606839382736e-04,9.954443052818622950e-05
4.844787962226779210e-01,-6.890132122362797595e-01,3.486087867869154533e-02,1.212631363862359769e-03,8.262436606839382736e-04,9.954443052818622950e-05
4.844787962226779210e-01,-6.890132122362797595e-01,3.486087867869154533e-02,1.212631363862359769e-03,8.262436606839382736e-04,9.954443052818622950e-05
4.844787962226779210e-01,-6.890132122362797595e-01,3.486087867869154533e-02,1.212631363862359769e-03,8.262436606839382736e-04,9.954443052818622950e-05
4.536991261095493777e-01,-7.046802968346425056e-01,3.526217860631095102e-02,1.223854711003617658e-03,8.110567527330785542e-04,8.856987824931998772e-05
4.536991261095493777e-01,-7.046802968346425056e-01,3.526217860631095102e-02,1.223854711003617658e-03,8.110567527330785542e-04,8.856987824931998772e-05
4.536991261095493777e-01,-7.046802968346425056e-01,3.526217860631095102e-02,1.223854711003617658e-03,8.110567527330785542e-04,8.856987824931998772e-05
4.536991261095493777e-01,-7.046802968346425056e-01,3.526217860631095102e-02,1.223854711003617658e-03,8.110567527330785542e-04,8.856987824931998772e-05
4.536991261095493777e-01,-7.046802968346425056e-01,3.526217860631095102e-02,1.223854711003617658e-03,8.110567527330785542e-04,8.856987824931998772e-05
4.536991261095493777e-01,-7.046802968346425056e-01,3.526217860631095102e-02,1.223854711003617658e-03,8.110567527330785542e-04,8.856987824931998772e-05
4.536991261095493777e-01,-7.046802968346425056e-01,3.526217860631095102e-02,1.223854711003617658e-03,8.110567527330785542e-04,8.856987824931998772e-05
4.536991261095493777e-01,-7.046802968346425056e-01,3.526217860631095102e-02,1.223854711003617658e-03,8.110567527330785542e-04,8.856987824931998772e-05
4.536991261095493777e-01,-7.046802968346425056e-01,3.526217860631095102e-02,1.223854711003617658e-03,8.110567527330785542e-04,8.856987824931998772e-05
4.536991261095493777e-01,-7.046802968346425056e-01,3.526217860631095102e-02,1.223854711003617658e-03,8.110567527330785542e-04,8.856987824931998772e-05
4.536991261095493777e-01,-7.046802968346425056e-01,3.526217860631095102e-02,1.223854711003617658e-03,8.110567527330785542e-04,8.856987824931998772e-05
4.536991261095493777e-01,-7.046802968346425056e-01,3.526217860631095102e-02,1.223854711003617658e-03,8.110567527330785542e-04,8.856987824931998772e-05
4.536991261095493777e-01,-7.046802968346425056e-01,3.526217860631095102e-02,1.223854711003617658e-03,8.110567527330785542e-04,8.856987824931998772e-05
4.536991261095493777e-01,-7.046802968346425056e-01,3.526217860631095102e-02,1.223854711003617658e-03,8.110567527330785542e-04,8.856987824931998772e-05
4.536991261095493777e-01,-7.046802968346425056e-01,3.526217860631095102e-02,1.223854711003617658e-03,8.110567527330785542e-04,8.856987824931998772e-05
4.229270668640086051e-01,-7.190390075604338183e-01,3.557935300429791031e-02,1.232355678806581773e-03,8.000303034939713507e-04,8.153033840045999789e-05
4.229270668640086051e-01,-7.190390075604338183e-01,3.557935300429791031e-02,1.232355678806581773e-03,8.000303034939713507e-04,8.153033840045999789e-05
4.229270668640086051e-01,-7.190390075604338183e-01,3.557935300429791031e-02,1.232355678806581773e-03,8.000303034939713507e-04,8.153033840045999789e-05
4.229270668640086051e-01,-7.190390075604338183e-01,3.557935300429791031e-02,1.232355678806581773e-03,8.000303034939713507e-04,8.153033840045999789e-05
4.229270668640086051e-01,-7.190390075604338183e-01,3.557935300429791031e-02,1.232355678806581773e-03,8.000303034939713507e-04,8.153033840045999789e-05
4.229270668640086051e-01,-7.190390075604338183e-01,3.557935300429791031e-02,1.232355678806581773e-03,8.000303034939713507e-04,8.153033840045999789e-05
4.229270668640086051e-01,-7.190390075604338183e-01,3.557935300429791031e-02,1.232355678806581773e-03,8.000303034939713507e-04,8.153033840045999789e-05
4.229270668640086051e-01,-7.190390075604338183e-01,3.557935300429791031e-02,1.232355678806581773e-03,8.000303034939713507e-04,8.153033840045999789e-05
4.229270668640086051e-01,-7.190390075604338183e-01,3.557935300429791031e-02,1.232355678806581773e-03,8.000303034939713507e-04,8.153033840045999789e-05
4.229270668640086051e-01,-7.190390075604338183e-01,3.557935300429791031e-02,1.232355678806581773e-03,8.000303034939713507e-04,8.153033840045999789e-05
4.229270668640086051e-01,-7.190390075604338183e-01,3.557935300429791031e-02,1.232355678806581773e-03,8.000303034939713507e-04,8.153033840045999789e-05
4.229270668640086051e-01,-7.190390075604338183e-01,3.557935300429791031e-02,1.232355678806581773e-03,8.000303034939713507e-04,8.153033840045999789e-05
4.229270668640086051e-01,-7.190390075604338183e-01,3.557935300429791031e-02,1.232355678806581773e-03,8.000303034939713507e-04,8.153033840045999789e-05
4.229270668640086051e-01,-7.190390075604338183e-01,3.557935300429791031e-02,1.232355678806581773e-03,8.000303034939713507e-04,8.153033840045999789e-05
4.229270668640086051e-01,-7.190390075604338183e-01,3.557935300429791031e-02,1.232355678806581773e-03,8.000303034939713507e-04,8.153033840045999789e-05
3.921538529454416944e-01,-7.321635174556689885e-01,3.581596459611541272e-02,1.238581510978006102e-03,7.922573115251146112e-04,7.704569885619650998e-05
3.921538529454416944e-01,-7.321635174556689885e-01,3.581596459611541272e-02,1.238581510978006102e-03,7.922573115251146112e-04,7.704569885619650998e-05
3.921538529454416944e-01,-7.321635174556689885e-01,3.581596459611541272e-02,1.238581510978006102e-03,7.922573115251146112e-04,7.704569885619650998e-05
3.921538529454416944e-01,-7.321635174556689885e-01,3.581596459611541272e-02,1.238581510978006102e-03,7.922573115251146112e-04,7.704569885619650998e-05
3.921538529454416944e-01,-7.321635174556689885e-01,3.581596459611541272e-02,1.238581510978006102e-03,7.922573115251146112e-04,7.704569885619650998e-05
3.921538529454416944e-01,-7.321635174556689885e-01,3.581596459611541272e-02,1.238581510978006102e-03,7.922573115251146112e-04,7.704569885619650998e-05
3.921538529454416944e-01,-7.321635174556689885e-01,3.581596459611541272e-02,1.238581510978006102e-03,7.922573115251146112e-04,7.704569885619650998e-05
3.921538529454416944e-01,-7.321635174556689885e-01,3.581596459611541272e-02,1.238581510978006102e-03,7.922573115251146112e-04,7.704569885619650998e-05
3.921538529454416944e-01,-7.321635174556689885e-01,3.581596459611541272e-02,1.238581510978006102e-03,7.922573115251146112e-04,7.704569885619650998e-05
3.921538529454416944e-01,-7.321635174556689885e-01,3.581596459611541272e-02,1.238581510978006102e-03,7.922573115251146112e-04,7.704569885619650998e-05
3.921538529454416944e-01,-7.321635174556689885e-01,3.581596459611541272e-02,1.238581510978006102e-03,7.922573115251146112e-04,7.704569885619650998e-05
3.921538529454416944e-01,-7.321635174556689885e-01,3.581596459611541272e-02,1.238581510978006102e-03,7.922573115251146112e-04,7.704569885619650998e-05
3.921538529454416944e-01,-7.321635174556689885e-01,3.581596459611541272e-02,1.238581510978006102e-03,7.922573115251146112e-04,7.704569885619650998e-05
3.921538529454416944e-01,-7.321635174556689885e-01,3.581596459611541272e-02,1.238581510978006102e-03,7.922573115251146112e-04,7.704569885619650998e-05
3.921538529454416944e-01,-7.321635174556689885e-01,3.581596459611541272e-02,1.238581510978006102e-03,7.922573115251146112e-04,7.704569885619650998e-05
3.613335195435922187e-01,-7.440891497064691107e-01,3.597751142281918613e-02,1.242971247349613497e-03,7.870983416971106747e-04,7.419460457780650690e-05
3.613335195435922187e-01,-7.440891497064691107e-01,3.597751142281918613e-02,1.242971247349613497e-03,7.870983416971106747e-04,7.419460457780650690e-05
3.613335195435922187e-01,-7.440891497064691107e-01,3.597751142281918613e-02,1.242971247349613497e-03,7.870983416971106747e-04,7.419460457780650690e-05
3.613335195435922187e-01,-7.440891497064691107e-01,3.597751142281918613e-02,1.242971247349613497e-03,7.870983416971106747e-04,7.419460457780650690e-05
3.613335195435922187e-01,-7.440891497064691107e-01,3.597751142281918613e-02,1.242971247349613497e-03,7.870983416971106747e-04,7.419460457780650690e-05
3.613335195435922187e-01,-7.440891497064691107e-01,3.597751142281918613e-02,1.242971247349613497e-03,7.870983416971106747e-04,7.419460457780650690e-05
3.613335195435922187e-01,-7.440891497064691107e-01,3.597751142281918613e-02,1.242971247349613497e-03,7.870983416971106747e-04,7.419460457780650690e-05
3.613335195435922187e-01,-7.440891497064691107e-01,3.597751142281918613e-02,1.242971247349613497e-03,7.870983416971106747e-04,7.419460457780650690e-05
3.613335195435922187e-01,-7.440891497064691107e-01,3.597751142281918613e-02,1.242971247349613497e-03,7.870983416971106747e-04,7.419460457780650690e-05
3.613335195435922187e-01,-7.440891497064691107e-01,3.597751142281918613e-02,1.242971247349613497e-03,7.870983416971106747e-04,7.419460457780650690e-05
3.613335195435922187e-01,-7.440891497064691107e-01,3.597751142281918613e-02,1.242971247349613497e-03,7.870983416971106747e-04,7.419460457780650690e-05
3.613335195435922187e-01,-7.440891497064691107e-01,3.597751142281918613e-02,1.242971247349613497e-03,7.870983416971106747e-04,7.419460457780650690e-05
3.613335195435922187e-01,-7.440891497064691107e-01,3.597751142281918613e-02,1.242971247349613497e-03,7.870983416971106747e-04,7.419460457780650690e-05
3.613335195435922187e-01,-7.440891497064691107e-01,3.597751142281918613e-02,1.242971247349613497e-03,7.870983416971106747e-04,7.419460457780650690e-05
3.613335195435922187e-01,-7.440891497064691107e-01,3.597751142281918613e-02,1.242971247349613497e-03,7.870983416971106747e-04,7.419460457780650690e-05
3.304167580788188174e-01,-7.548298102124818554e-01,3.606934249080298582e-02,1.246157119228684341e-03,7.841358751711931512e-04,7.239062151729939423e-05
3.304167580788188174e-01,-7.548298102124818554e-01,3.606934249080298582e-02,1.246157119228684341e-03,7.841358751711931512e-04,7.239062151729939423e-05
3.304167580788188174e-01,-7.548298102124818554e-01,3.606934249080298582e-02,1.246157119228684341e-03,7.841358751711931512e-04,7.239062151729939423e-05
3.304167580788188174e-01,-7.548298102124818554e-01,3.606934249080298582e-02,1.246157119228684341e-03,7.841358751711931512e-04,7.239062151729939423e-05
3.304167580788188174e-01,-7.548298102124818554e-01,3.606934249080298582e-02,1.246157119228684341e-03,7.841358751711931512e-04,7.239062151729939423e-05
3.304167580788188174e-01,-7.548298102124818554e-01,3.606934249080298582e-02,1.246157119228684341e-03,7.841358751711931512e-04,7.239062151729939423e-05
3.304167580788188174e-01,-7.548298102124818554e-01,3.606934249080298582e-02,1.246157119228684341e-03,7.841358751711931512e-04,7.239062151729939423e-05
3.304167580788188174e-01,-7.548298102124818554e-01,3.606934249080298582e-02,1.246157119228684341e-03,7.841358751711931512e-04,7.239062151729939423e-05
3.304167580788188174e-01,-7.548298102124818554e-01,3.606934249080298582e-02,1.246157119228684341e-03,7.841358751711931512e-04,7.239062151729939423e-05
3.304167580788188174e-01,-7.548298102124818554e-01,3.606934249080298582e-02,1.246157119228684341e-03,7.841358751711931512e-04,7.239062151729939423e-05
3.304167580788188174e-01,-7.548298102124818554e-01,3.606934249080298582e-02,1.246157119228684341e-03,7.841358751711931512e-04,7.239062151729939423e-05
3.304167580788188174e-01,-7.548298102124818554e-01,3.606934249080298582e-02,1.246157119228684341e-03,7.841358751711931512e-04,7.239062151729939423e-05
3.304167580788188174e-01,-7.548298102124818554e-01,3.606934249080298582e-02,1.246157119228684341e-03,7.841358751711931512e-04,7.239062151729939423e-05
3.304167580788188174e-01,-7.548298102124818554e-01,3.606934249080298582e-02,1.246157119228684341e-03,7.841358751711931512e-04,7.239062151729939423e-05
3.304167580788188174e-01,-7.548298102124818554e-01,3.606934249080298582e-02,1.246157119228684341e-03,7.841358751711931512e-04,7.239062151729939423e-05
2.993528738092538499e-01,-7.643928056593685127e-01,3.609613517258932619e-02,1.249458775812215417e-03,7.832311745026260090e-04,7.128806004675268483e-05
2.993528738092538499e-01,-7.643928056593685127e-01,3.609613517258932619e-02,1.249458775812215417e-03,7.832311745026260090e-04,7.128806004675268483e-05
2.993528738092538499e-01,-7.643928056593685127e-01,3.609613517258932619e-02,1.249458775812215417e-03,7.832311745026260090e-04,7.128806004675268483e-05
2.993528738092538499e-01,-7.643928056593685127e-01,3.609613517258932619e-02,1.249458775812215417e-03,7.832311745026260090e-04,7.128806004675268483e-05
2.993528738092538499e-01,-7.643928056593685127e-01,3.609613517258932619e-02,1.249458775812215417e-03,7.832311745026260090e-04,7.128806004675268483e-05
2.993528738092538499e-01,-7.643928056593685127e-01,3.609613517258932619e-02,1.249458775812215417e-03,7.832311745026260090e-04,7.128806004675268483e-05
2.993528738092538499e-01,-7.643928056593685127e-01,3.609613517258932619e-02,1.249458775812215417e-03,7.832311745026260090e-04,7.128806004675268483e-05
2.993528738092538499e-01,-7.643928056593685127e-01,3.609613517258932619e-02,1.249458775812215417e-03,7.832311745026260090e-04,7.128806004675268483e-05
2.993528738092538499e-01,-7.643928056593685127e-01,3.609613517258932619e-02,1.249458775812215417e-03,7.832311745026260090e-04,7.128806004675268483e-05
2.993528738092538499e-01,-7.643928056593685127e-01,3.609613517258932619e-02,1.249458775812215417e-03,7.832311745026260090e-04,7.128806004675268483e-05
2.993528738092538499e-01,-7.643928056593685127e-01,3.609613517258932619e-02,1.249458775812215417e-03,7.832311745026260090e-04,7.128806004675268483e-05
2.993528738092538499e-01,-7.643928056593685127e-01,3.609613517258932619e-02,1.249458775812215417e-03,7.832311745026260090e-04,7.128806004675268483e-05
2.993528738092538499e-01,-7.643928056593685127e-01,3.609613517258932619e-02,1.249458775812215417e-03,7.832311745026260090e-04,7.128806004675268483e-05
2.993528738092538499e-01,-7.643928056593685127e-01,3.609613517258932619e-02,1.249458775812215417e-03,7.832311745026260090e-04,7.128806004675268483e-05
2.993528738092538499e-01,-7.643928056593685127e-01,3.609613517258932619e-02,1.249458775812215417e-03,7.832311745026260090e-04,7.128806004675268483e-05
2.680633812338967248e-01,-7.727934212693110538e-01,3.606217867761497137e-02,1.256635680689909039e-03,7.843764680437812897e-04,7.074512072672302615e-05
2.680633812338967248e-01,-7.727934212693110538e-01,3.606217867761497137e-02,1.256635680689909039e-03,7.843764680437812897e-04,7.074512072672302615e-05
2.680633812338967248e-01,-7.727934212693110538e-01,3.606217867761497137e-02,1.256635680689909039e-03,7.843764680437812897e-04,7.074512072672302615e-05
2.680633812338967248e-01,-7.727934212693110538e-01,3.606217867761497137e-02,1.256635680689909039e-03,7.843764680437812897e-04,7.074512072672302615e-05
2.680633812338967248e-01,-7.727934212693110538e-01,3.606217867761497137e-02,1.256635680689909039e-03,7.843764680437812897e-04,7.074512072672302615e-05
2.680633812338967248e-01,-7.727934212693110538e-01,3.606217867761497137e-02,1.256635680689909039e-03,7.843764680437812897e-04,7.074512072672302615e-05
2.680633812338967248e-01,-7.727934212693110538e-01,3.606217867761497137e-02,1.256635680689909039e-03,7.843764680437812897e-04,7.074512072672302615e-05
2.680633812338967248e-01,-7.727934212693110538e-01,3.606217867761497137e-02,1.256635680689909039e-03,7.843764680437812897e-04,7.074512072672302615e-05
2.680633812338967248e-01,-7.727934212693110538e-01,3.606217867761497137e-02,1.256635680689909039e-03,7.843764680437812897e-04,7.074512072672302615e-05
2.680633812338967248e-01,-7.727934212693110538e-01,3.606217867761497137e-02,1.256635680689909039e-03,7.843764680437812897e-04,7.074512072672302615e-05
2.680633812338967248e-01,-7.727934212693110538e-01,3.606217867761497137e-02,1.256635680689909039e-03,7.843764680437812897e-04,7.074512072672302615e-05
2.680633812338967248e-01,-7.727934212693110538e-01,3.606217867761497137e-02,1.256635680689909039e-03,7.843764680437812897e-04,7.074512072672302615e-05
2.680633812338967248e-01,-7.727934212693110538e-01,3.606217867761497137e-02,1.256635680689909039e-03,7.843764680437812897e-04,7.074512072672302615e-05
2.680633812338967248e-01,-7.727934212693110538e-01,3.606217867761497137e-02,1.256635680689909039e-03,7.843764680437812897e-04,7.074512072672302615e-05
2.680633812338967248e-01,-7.727934212693110538e-01,3.606217867761497137e-02,1.256635680689909039e-03,7.843764680437812897e-04,7.074512072672302615e-05
2.370178042804259866e-01,-7.797337815176600406e-01,3.595034432028575144e-02,1.242088597496867871e-03,7.850516603525321390e-04,6.991285877089923175e-05
2.370178042804259866e-01,-7.797337815176600406e-01,3.595034432028575144e-02,1.242088597496867871e-03,7.850516603525321390e-04,6.991285877089923175e-05
2.370178042804259866e-01,-7.797337815176600406e-01,3.595034432028575144e-02,1.242088597496867871e-03,7.850516603525321390e-04,6.991285877089923175e-05
2.370178042804259866e-01,-7.797337815176600406e-01,3.595034432028575144e-02,1.242088597496867871e-03,7.850516603525321390e-04,6.991285877089923175e-05
2.370178042804259866e-01,-7.797337815176600406e-01,3.595034432028575144e-02,1.242088597496867871e-03,7.850516603525321390e-04,6.991285877089923175e-05
2.370178042804259866e-01,-7.797337815176600406e-01,3.595034432028575144e-02,1.242088597496867871e-03,7.850516603525321390e-04,6.991285877089923175e-05
2.370178042804259866e-01,-7.797337815176600406e-01,3.595034432028575144e-02,1.242088597496867871e-03,7.850516603525321390e-04,6.991285877089923175e-05
2.370178042804259866e-01,-7.797337815176600406e-01,3.595034432028575144e-02,1.242088597496867871e-03,7.850516603525321390e-04,6.991285877089923175e-05
2.370178042804259866e-01,-7.797337815176600406e-01,3.595034432028575144e-02,1.242088597496867871e-03,7.850516603525321390e-04,6.991285877089923175e-05
2.370178042804259866e-01,-7.797337815176600406e-01,3.595034432028575144e-02,1.242088597496867871e-03,7.850516603525321390e-04,6.991285877089923175e-05
2.370178042804259866e-01,-7.797337815176600406e-01,3.595034432028575144e-02,1.242088597496867871e-03,7.850516603525321390e-04,6.991285877089923175e-05
2.370178042804259866e-01,-7.797337815176600406e-01,3.595034432028575144e-02,1.242088597496867871e-03,7.850516603525321390e-04,6.991285877089923175e-05
2.370178042804259866e-01,-7.797337815176600406e-01,3.595034432028575144e-02,1.242088597496867871e-03,7.850516603525321390e-04,6.991285877089923175e-05
2.370178042804259866e-01,-7.797337815176600406e-01,3.595034432028575144e-02,1.242088597496867871e-03,7.850516603525321390e-04,6.991285877089923175e-05
2.370178042804259866e-01,-7.797337815176600406e-01,3.595034432028575144e-02,1.242088597496867871e-03,7.850516603525321390e-04,6.991285877089923175e-05
2.055765897455224811e-01,-7.855087652773823370e-01,3.577927150226648673e-02,1.236859954929038496e-03,7.882846238678834503e-04,6.955556344619979309e-05
2.055765897455224811e-01,-7.855087652773823370e-01,3.577927150226648673e-02,1.236859954929038496e-03,7.882846238678834503e-04,6.955556344619979309e-05
2.055765897455224811e-01,-7.855087652773823370e-01,3.577927150226648673e-02,1.236859954929038496e-03,7.882846238678834503e-04,6.955556344619979309e-05
2.055765897455224811e-01,-7.855087652773823370e-01,3.577927150226648673e-02,1.236859954929038496e-03,7.882846238678834503e-04,6.955556344619979309e-05
2.055765897455224811e-01,-7.855087652773823370e-01,3.577927150226648673e-02,1.236859954929038496e-03,7.882846238678834503e-04,6.955556344619979309e-05
2.055765897455224811e-01,-7.855087652773823370e-01,3.577927150226648673e-02,1.236859954929038496e-03,7.882846238678834503e-04,6.955556344619979309e-05
2.055765897455224811e-01,-7.855087652773823370e-01,3.577927150226648673e-02,1.236859954929038496e-03,7.882846238678834503e-04,6.955556344619979309e-05
2.055765897455224811e-01,-7.855087652773823370e-01,3.577927150226648673e-02,1.236859954929038496e-03,7.882846238678834503e-04,6.955556344619979309e-05
2.055765897455224811e-01,-7.855087652773823370e-01,3.577927150226648673e-02,1.236859954929038496e-03,7.882846238678834503e-04,6.955556344619979309e-05
2.055765897455224811e-01,-7.855087652773823370e-01,3.577927150226648673e-02,1.236859954929038496e-03,7.882846238678834503e-04,6.955556344619979309e-05
2.055765897455224811e-01,-7.855087652773823370e-01,3.577927150226648673e-02,1.236859954929038496e-03,7.882846238678834503e-04,6.955556344619979309e-05
2.055765897455224811e-01,-7.855087652773823370e-01,3.577927150226648673e-02,1.236859954929038496e-03,7.882846238678834503e-04,6.955556344619979309e-05
2.055765897455224811e-01,-7.855087652773823370e-01,3.577927150226648673e-02,1.236859954929038496e-03,7.882846238678834503e-04,6.955556344619979309e-05
2.055765897455224811e-01,-7.855087652773823370e-01,3.577927150226648673e-02,1.236859954929038496e-03,7.882846238678834503e-04,6.955556344619979309e-05
2.055765897455224811e-01,-7.855087652773823370e-01,3.577927150226648673e-02,1.236859954929038496e-03,7.882846238678834503e-04,6.955556344619979309e-05
1.738766495582682869e-01,-7.898935257702298651e-01,3.553219527402339678e-02,1.227506795872330015e-03,7.926261361418824323e-04,6.925806594371804929e-05
1.738766495582682869e-01,-7.898935257702298651e-01,3.553219527402339678e-02,1.227506795872330015e-03,7.926261361418824323e-04,6.925806594371804929e-05
1.738766495582682869e-01,-7.898935257702298651e-01,3.553219527402339678e-02,1.227506795872330015e-03,7.926261361418824323e-04,6.925806594371804929e-05
1.738766495582682869e-01,-7.898935257702298651e-01,3.553219527402339678e-02,1.227506795872330015e-03,7.926261361418824323e-04,6.925806594371804929e-05
1.738766495582682869e-01,-7.898935257702298651e-01,3.553219527402339678e-02,1.227506795872330015e-03,7.926261361418824323e-04,6.925806594371804929e-05
1.738766495582682869e-01,-7.898935257702298651e-01,3.553219527402339678e-02,1.227506795872330015e-03,7.926261361418824323e-04,6.925806594371804929e-05
1.738766495582682869e-01,-7.898935257702298651e-01,3.553219527402339678e-02,1.227506795872330015e-03,7.926261361418824323e-04,6.925806594371804929e-05
1.738766495582682869e-01,-7.898935257702298651e-01,3.553219527402339678e-02,1.227506795872330015e-03,7.926261361418824323e-04,6.925806594371804929e-05
1.738766495582682869e-01,-7.898935257702298651e-01,3.553219527402339678e-02,1.227506795872330015e-03,7.926261361418824323e-04,6.925806594371804929e-05
1.738766495582682869e-01,-7.898935257702298651e-01,3.553219527402339678e-02,1.227506795872330015e-03,7.926261361418824323e-04,6.925806594371804929e-05
1.738766495582682869e-01,-7.898935257702298651e-01,3.553219527402339678e-02,1.227506795872330015e-03,7.926261361418824323e-04,6.925806594371804929e-05
1.738766495582682869e-01,-7.898935257702298651e-01,3.553219527402339678e-02,1.227506795872330015e-03,7.926261361418824323e-04,6.925806594371804929e-05
1.738766495582682869e-01,-7.898935257702298651e-01,3.553219527402339678e-02,1.227506795872330015e-03,7.926261361418824323e-04,6.925806594371804929e-05
1.738766495582682869e-01,-7.898935257702298651e-01,3.553219527402339678e-02,1.227506795872330015e-03,7.926261361418824323e-04,6.925806594371804929e-05
1.738766495582682869e-01,-7.898935257702298651e-01,3.553219527402339678e-02,1.227506795872330015e-03,7.926261361418824323e-04,6.925806594371804929e-05
1.420317890966672492e-01,-7.924203072549003135e-01,3.522018566133285067e-02,1.232267640243197866e-03,7.991217773713077009e-04,7.500205313085416556e-05
1.420317890966672492e-01,-7.924203072549003135e-01,3.522018566133285067e-02,1.232267640243197866e-03,7.991217773713077009e-04,7.500205313085416556e-05
1.420317890966672492e-01,-7.924203072549003135e-01,3.522018566133285067e-02,1.232267640243197866e-03,7.991217773713077009e-04,7.500205313085416556e-05
1.420317890966672492e-01,-7.924203072549003135e-01,3.522018566133285067e-02,1.232267640243197866e-03,7.991217773713077009e-04,7.500205313085416556e-05
1.420317890966672492e-01,-7.924203072549003135e-01,3.522018566133285067e-02,1.232267640243197866e-03,7.991217773713077009e-04,7.500205313085416556e-05
1.420317890966672492e-01,-7.924203072549003135e-01,3.522018566133285067e-02,1.232267640243197866e-03,7.991217773713077009e-04,7.500205313085416556e-05
1.420317890966672492e-01,-7.924203072549003135e-01,3.522018566133285067e-02,1.232267640243197866e-03,7.991217773713077009e-04,7.500205313085416556e-05
1.420317890966672492e-01,-7.924203072549003135e-01,3.522018566133285067e-02,1.232267640243197866e-03,7.991217773713077009e-04,7.500205313085416556e-05
1.420317890966672492e-01,-7.924203072549003135e-01,3.522018566133285067e-02,1.232267640243197866e-03,7.991217773713077009e-04,7.500205313085416556e-05
1.420317890966672492e-01,-7.924203072549003135e-01,3.522018566133285067e-02,1.232267640243197866e-03,7.991217773713077009e-04,7.500205313085416556e-05
1.420317890966672492e-01,-7.924203072549003135e-01,3.522018566133285067e-02,1.232267640243197866e-03,7.991217773713077009e-04,7.500205313085416556e-05
1.420317890966672492e-01,-7.924203072549003135e-01,3.522018566133285067e-02,1.232267640243197866e-03,7.991217773713077009e-04,7.500205313085416556e-05
1.420317890966672492e-01,-7.924203072549003135e-01,3.522018566133285067e-02,1.232267640243197866e-03,7.991217773713077009e-04,7.500205313085416556e-05
1.420317890966672492e-01,-7.924203072549003135e-01,3.522018566133285067e-02,1.232267640243197866e-03,7.991217773713077009e-04,7.500205313085416556e-05
1.420317890966672492e-01,-7.924203072549003135e-01,3.522018566133285067e-02,1.232267640243197866e-03,7.991217773713077009e-04,7.500205313085416556e-05
1.086807503532411651e-01,-7.937350080001123187e-01,3.478094602504861604e-02,1.193107167442043629e-03,8.027188420992001664e-04,7.243860964686571859e-05
1.086807503532411651e-01,-7.937350080001123187e-01,3.478094602504861604e-02,1.193107167442043629e-03,8.027188420992001664e-04,7.243860964686571859e-05
1.086807503532411651e-01,-7.937350080001123187e-01,3.478094602504861604e-02,1.193107167442043629e-03,8.027188420992001664e-04,7.243860964686571859e-05
1.086807503532411651e-01,-7.937350080001123187e-01,3.478094602504861604e-02,1.193107167442043629e-03,8.027188420992001664e-04,7.243860964686571859e-05
1.086807503532411651e-01,-7.937350080001123187e-01,3.478094602504861604e-02,1.193107167442043629e-03,8.027188420992001664e-04,7.243860964686571859e-05
1.086807503532411651e-01,-7.937350080001123187e-01,3.478094602504861604e-02,1.193107167442043629e-03,8.027188420992001664e-04,7.243860964686571859e-05
1.086807503532411651e-01,-7.937350080001123187e-01,3.478094602504861604e-02,1.193107167442043629e-03,8.027188420992001664e-04,7.243860964686571859e-05
1.086807503532411651e-01,-7.937350080001123187e-01,3.478094602504861604e-02,1.193107167442043629e-03,8.027188420992001664e-04,7.243860964686571859e-05
1.086807503532411651e-01,-7.937350080001123187e-01,3.478094602504861604e-02,1.193107167442043629e-03,8.027188420992001664e-04,7.243860964686571859e-05
1.086807503532411651e-01,-7.937350080001123187e-01,3.478094602504861604e-02,1.193107167442043629e-03,8.027188420992001664e-04,7.243860964686571859e-05
1.086807503532411651e-01,-7.937350080001123187e-01,3.478094602504861604e-02,1.193107167442043629e-03,8.027188420992001664e-04,7.243860964686571859e-05
1.086807503532411651e-01,-7.937350080001123187e-01,3.478094602504861604e-02,1.193107167442043629e-03,8.027188420992001664e-04,7.243860964686571859e-05
1.086807503532411651e-01,-7.937350080001123187e-01,3.478094602504861604e-02,1.193107167442043629e-03,8.027188420992001664e-04,7.243860964686571859e-05
1.086807503532411651e-01,-7.937350080001123187e-01,3.478094602504861604e-02,1.193107167442043629e-03,8.027188420992001664e-04,7.243860964686571859e-05
1.086807503532411651e-01,-7.937350080001123187e-01,3.478094602504861604e-02,1.193107167442043629e-03,8.027188420992001664e-04,7.243860964686571859e-05
7.338018531770382213e-02,-7.934657026814635472e-01,3.427467777060295984e-02,1.130471477902332588e-03,8.037683229635784674e-04,7.001554976564054993e-05
7.338018531770382213e-02,-7.934657026814635472e-01,3.427467777060295984e-02,1.130471477902332588e-03,8.037683229635784674e-04,7.001554976564054993e-05
7.338018531770382213e-02,-7.934657026814635472e-01,3.427467777060295984e-02,1.130471477902332588e-03,8.037683229635784674e-04,7.001554976564054993e-05
7.338018531770382213e-02,-7.934657026814635472e-01,3.427467777060295984e-02,1.130471477902332588e-03,8.037683229635784674e-04,7.001554976564054993e-05
7.338018531770382213e-02,-7.934657026814635472e-01,3.427467777060295984e-02,1.130471477902332588e-03,8.037683229635784674e-04,7.001554976564054993e-05
7.338018531770382213e-02,-7.934657026814635472e-01,3.427467777060295984e-02,1.130471477902332588e-03,8.037683229635784674e-04,7.001554976564054993e-05
7.338018531770382213e-02,-7.934657026814635472e-01,3.427467777060295984e-02,1.130471477902332588e-03,8.037683229635784674e-04,7.001554976564054993e-05
7.338018531770382213e-02,-7.934657026814635472e-01,3.427467777060295984e-02,1.130471477902332588e-03,8.037683229635784674e-04,7.001554976564054993e-05
7.338018531770382213e-02,-7.934657026814635472e-01,3.427467777060295984e-02,1.130471477902332588e-03,8.037683229635784674e-04,7.001554976564054993e-05
7.338018531770382213e-02,-7.934657026814635472e-01,3.427467777060295984e-02,1.130471477902332588e-03,8.037683229635784674e-04,7.001554976564054993e-05
7.338018531770382213e-02,-7.934657026814635472e-01,3.427467777060295984e-02,1.130471477902332588e-03,8.037683229635784674e-04,7.001554976564054993e-05
7.338018531770382213e-02,-7.934657026814635472e-01,3.427467777060295984e-02,1.130471477902332588e-03,8.037683229635784674e-04,7.001554976564054993e-05
7.338018531770382213e-02,-7.934657026814635472e-01,3.427467777060295984e-02,1.130471477902332588e-03,8.037683229635784674e-04,7.001554976564054993e-05
7.338018531770382213e-02,-7.934657026814635472e-01,3.427467777060295984e-02,1.130471477902332588e-03,8.037683229635784674e-04,7.001554976564054993e-05
7.338018531770382213e-02,-7.934657026814635472e-01,3.427467777060295984e-02,1.130471477902332588e-03,8.037683229635784674e-04,7.001554976564054993e-05
3.517268892002115704e-02,-7.923274171044197844e-01,3.381045947617680736e-02,1.037687132931609324e-03,7.984866442982551001e-04,6.740380995125876368e-05
3.517268892002115704e-02,-7.923274171044197844e-01,3.381045947617680736e-02,1.037687132931609324e-03,7.984866442982551001e-04,6.740380995125876368e-05
3.517268892002115704e-02,-7.923274171044197844e-01,3.381045947617680736e-02,1.037687132931609324e-03,7.984866442982551001e-04,6.740380995125876368e-05
3.517268892002115704e-02,-7.923274171044197844e-01,3.381045947617680736e-02,1.037687132931609324e-03,7.984866442982551001e-04,6.740380995125876368e-05
3.517268892002115704e-02,-7.923274171044197844e-01,3.381045947617680736e-02,1.037687132931609324e-03,7.984866442982551001e-04,6.740380995125876368e-05
3.517268892002115704e-02,-7.923274171044197844e-01,3.381045947617680736e-02,1.037687132931609324e-03,7.984866442982551001e-04,6.740380995125876368e-05
3.517268892002115704e-02,-7.923274171044197844e-01,3.381045947617680736e-02,1.037687132931609324e-03,7.984866442982551001e-04,6.740380995125876368e-05
3.517268892002115704e-02,-7.923274171044197844e-01,3.381045947617680736e-02,1.037687132931609324e-03,7.984866442982551001e-04,6.740380995125876368e-05
3.517268892002115704e-02,-7.923274171044197844e-01,3.381045947617680736e-02,1.037687132931609324e-03,7.984866442982551001e-04,6.740380995125876368e-05
3.517268892002115704e-02,-7.923274171044197844e-01,3.381045947617680736e-02,1.037687132931609324e-03,7.984866442982551001e-04,6.740380995125876368e-05
3.517268892002115704e-02,-7.923274171044197844e-01,3.381045947617680736e-02,1.037687132931609324e-03,7.984866442982551001e-04,6.740380995125876368e-05
3.517268892002115704e-02,-7.923274171044197844e-01,3.381045947617680736e-02,1.037687132931609324e-03,7.984866442982551001e-04,6.740380995125876368e-05
3.517268892002115704e-02,-7.923274171044197844e-01,3.381045947617680736e-02,1.037687132931609324e-03,7.984866442982551001e-04,6.740380995125876368e-05
3.517268892002115704e-02,-7.923274171044197844e-01,3.381045947617680736e-02,1.037687132931609324e-03,7.984866442982551001e-04,6.740380995125876368e-05
3.517268892002115704e-02,-7.923274171044197844e-01,3.381045947617680736e-02,1.037687132931609324e-03,7.984866442982551001e-04,6.740380995125876368e-05
-5.841316463102264045e-03,-7.916106802575202384e-01,3.356245700379664743e-02,9.263678051794441582e-04,7.841509262110690553e-04,6.468225330843058868e-05
-5.841316463102264045e-03,-7.916106802575202384e-01,3.356245700379664743e-02,9.263678051794441582e-04,7.841509262110690553e-04,6.468225330843058868e-05
-5.841316463102264045e-03,-7.916106802575202384e-01,3.356245700379664743e-02,9.263678051794441582e-04,7.841509262110690553e-04,6.468225330843058868e-05
-5.841316463102264045e-03,-7.916106802575202384e-01,3.356245700379664743e-02,9.263678051794441582e-04,7.841509262110690553e-04,6.468225330843058868e-05
-5.841316463102264045e-03,-7.916106802575202384e-01,3.356245700379664743e-02,9.263678051794441582e-04,7.841509262110690553e-04,6.468225330843058868e-05
-5.841316463102264045e-03,-7.916106802575202384e-01,3.356245700379664743e-02,9.263678051794441582e-04,7.841509262110690553e-04,6.468225330843058868e-05
-5.841316463102264045e-03,-7.916106802575202384e-01,3.356245700379664743e-02,9.263678051794441582e-04,7.841509262110690553e-04,6.468225330843058868e-05
-5.841316463102264045e-03,-7.916106802575202384e-01,3.356245700379664743e-02,9.263678051794441582e-04,7.841509262110690553e-04,6.468225330843058868e-05
-5.841316463102264045e-03,-7.916106802575202384e-01,3.356245700379664743e-02,9.263678051794441582e-04,7.841509262110690553e-04,6.468225330843058868e-05
-5.841316463102264045e-03,-7.916106802575202384e-01,3.356245700379664743e-02,9.263678051794441582e-04,7.841509262110690553e-04,6.468225330843058868e-05
-5.841316463102264045e-03,-7.916106802575202384e-01,3.356245700379664743e-02,9.263678051794441582e-04,7.841509262110690553e-04,6.468225330843058868e-05
-5.841316463102264045e-03,-7.916106802575202384e-01,3.356245700379664743e-02,9.263678051794441582e-04,7.841509262110690553e-04,6.468225330843058868e-05
-5.841316463102264045e-03,-7.916106802575202384e-01,3.356245700379664743e-02,9.263678051794441582e-04,7.841509262110690553e-04,6.468225330843058868e-05
-5.841316463102264045e-03,-7.916106802575202384e-01,3.356245700379664743e-02,9.263678051794441582e-04,7.841509262110690553e-04,6.468225330843058868e-05
-5.841316463102264045e-03,-7.916106802575202384e-01,3.356245700379664743e-02,9.263678051794441582e-04,7.841509262110690553e-04,6.468225330843058868e-05
-4.797735304629317798e-02,-7.921572223284685244e-01,3.362611743298937056e-02,8.251345519633029087e-04,7.627809307244266855e-04,6.229755356894655825e-05
-4.797735304629317798e-02,-7.921572223284685244e-01,3.362611743298937056e-02,8.251345519633029087e-04,7.627809307244266855e-04,6.229755356894655825e-05
-4.797735304629317798e-02,-7.921572223284685244e-01,3.362611743298937056e-02,8.251345519633029087e-04,7.627809307244266855e-04,6.229755356894655825e-05
-4.797735304629317798e-02,-7.921572223284685244e-01,3.362611743298937056e-02,8.251345519633029087e-04,7.627809307244266855e-04,6.229755356894655825e-05
-4.797735304629317798e-02,-7.921572223284685244e-01,3.362611743298937056e-02,8.251345519633029087e-04,7.627809307244266855e-04,6.229755356894655825e-05
-4.797735304629317798e-02,-7.921572223284685244e-01,3.362611743298937056e-02,8.251345519633029087e-04,7.627809307244266855e-04,6.229755356894655825e-05
-4.797735304629317798e-02,-7.921572223284685244e-01,3.362611743298937056e-02,8.251345519633029087e-04,7.627809307244266855e-04,6.229755356894655825e-05
-4.797735304629317798e-02,-7.921572223284685244e-01,3.362611743298937056e-02,8.251345519633029087e-04,7.627809307244266855e-04,6.229755356894655825e-05
-4.797735304629317798e-02,-7.921572223284685244e-01,3.362611743298937056e-02,8.251345519633029087e-04,7.627809307244266855e-04,6.229755356894655825e-05
-4.797735304629317798e-02,-7.921572223284685244e-01,3.362611743298937056e-02,8.251345519633029087e-04,7.627809307244266855e-04,6.229755356894655825e-05
-4.797735304629317798e-02,-7.921572223284685244e-01,3.362611743298937056e-02,8.251345519633029087e-04,7.627809307244266855e-04,6.229755356894655825e-05
-4.797735304629317798e-02,-7.921572223284685244e-01,3.362611743298937056e-02,8.251345519633029087e-04,7.627809307244266855e-04,6.229755356894655825e-05
-4.797735304629317798e-02,-7.921572223284685244e-01,3.362611743298937056e-02,8.251345519633029087e-04,7.627809307244266855e-04,6.229755356894655825e-05
-4.797735304629317798e-02,-7.921572223284685244e-01,3.362611743298937056e-02,8.251345519633029087e-04,7.627809307244266855e-04,6.229755356894655825e-05
-4.797735304629317798e-02,-7.921572223284685244e-01,3.362611743298937056e-02,8.251345519633029087e-04,7.627809307244266855e-04,6.229755356894655825e-05
-8.935240570372403324e-02,-7.935392966206259446e-01,3.392568459162314393e-02,7.544203431728456130e-04,7.401439321168620670e-04,6.058892650765723990e-05
-8.935240570372403324e-02,-7.935392966206259446e-01,3.392568459162314393e-02,7.544203431728456130e-04,7.401439321168620670e-04,6.058892650765723990e-05
-8.935240570372403324e-02,-7.935392966206259446e-01,3.392568459162314393e-02,7.544203431728456130e-04,7.401439321168620670e-04,6.058892650765723990e-05
-8.935240570372403324e-02,-7.935392966206259446e-01,3.392568459162314393e-02,7.544203431728456130e-04,7.401439321168620670e-04,6.058892650765723990e-05
-8.935240570372403324e-02,-7.935392966206259446e-01,3.392568459162314393e-02,7.544203431728456130e-04,7.401439321168620670e-04,6.058892650765723990e-05
-8.935240570372403324e-02,-7.935392966206259446e-01,3.392568459162314393e-02,7.544203431728456130e-04,7.401439321168620670e-04,6.058892650765723990e-05
-8.935240570372403324e-02,-7.935392966206259446e-01,3.392568459162314393e-02,7.544203431728456130e-04,7.401439321168620670e-04,6.058892650765723990e-05
-8.935240570372403324e-02,-7.935392966206259446e-01,3.392568459162314393e-02,7.544203431728456130e-04,7.401439321168620670e-04,6.058892650765723990e-05
-8.935240570372403324e-02,-7.935392966206259446e-01,3.392568459162314393e-02,7.544203431728456130e-04,7.401439321168620670e-04,6.058892650765723990e-05
-8.935240570372403324e-02,-7.935392966206259446e-01,3.392568459162314393e-02,7.544203431728456130e-04,7.401439321168620670e-04,6.058892650765723990e-05
-8.935240570372403324e-02,-7.935392966206259446e-01,3.392568459162314393e-02,7.544203431728456130e-04,7.401439321168620670e-04,6.058892650765723990e-05
-8.935240570372403324e-02,-7.935392966206259446e-01,3.392568459162314393e-02,7.544203431728456130e-04,7.401439321168620670e-04,6.058892650765723990e-05
-8.935240570372403324e-02,-7.935392966206259446e-01,3.392568459162314393e-02,7.544203431728456130e-04,7.401439321168620670e-04,6.058892650765723990e-05
-8.935240570372403324e-02,-7.935392966206259446e-01,3.392568459162314393e-02,7.544203431728456130e-04,7.401439321168620670e-04,6.058892650765723990e-05
-8.935240570372403324e-02,-7.935392966206259446e-01,3.392568459162314393e-02,7.544203431728456130e-04,7.401439321168620670e-04,6.058892650765723990e-05
-1.292498089467778721e-01,-7.946930412637650543e-01,3.431466646327446801e-02,7.142311784865538376e-04,7.204812017856914840e-04,5.953421332929676260e-05
-1.292498089467778721e-01,-7.946930412637650543e-01,3.431466646327446801e-02,7.142311784865538376e-04,7.204812017856914840e-04,5.953421332929676260e-05
-1.292498089467778721e-01,-7.946930412637650543e-01,3.431466646327446801e-02,7.142311784865538376e-04,7.204812017856914840e-04,5.953421332929676260e-05
-1.292498089467778721e-01,-7.946930412637650543e-01,3.431466646327446801e-02,7.142311784865538376e-04,7.204812017856914840e-04,5.953421332929676260e-05
-1.292498089467778721e-01,-7.946930412637650543e-01,3.431466646327446801e-02,7.142311784865538376e-04,7.204812017856914840e-04,5.953421332929676260e-05
-1.292498089467778721e-01,-7.946930412637650543e-01,3.431466646327446801e-02,7.142311784865538376e-04,7.204812017856914840e-04,5.953421332929676260e-05
-1.292498089467778721e-01,-7.946930412637650543e-01,3.431466646327446801e-02,7.142311784865538376e-04,7.204812017856914840e-04,5.953421332929676260e-05
-1.292498089467778721e-01,-7.946930412637650543e-01,3.431466646327446801e-02,7.142311784865538376e-04,7.204812017856914840e-04,5.953421332929676260e-05
-1.292498089467778721e-01,-7.946930412637650543e-01,3.431466646327446801e-02,7.142311784865538376e-04,7.204812017856914840e-04,5.953421332929676260e-05
-1.292498089467778721e-01,-7.946930412637650543e-01,3.431466646327446801e-02,7.142311784865538376e-04,7.204812017856914840e-04,5.953421332929676260e-05
-1.292498089467778721e-01,-7.946930412637650543e-01,3.431466646327446801e-02,7.142311784865538376e-04,7.204812017856914840e-04,5.953421332929676260e-05
-1.292498089467778721e-01,-7.946930412637650543e-01,3.431466646327446801e-02,7.142311784865538376e-04,7.204812017856914840e-04,5.953421332929676260e-05
-1.292498089467778721e-01,-7.946930412637650543e-01,3.431466646327446801e-02,7.142311784865538376e-04,7.204812017856914840e-04,5.953421332929676260e-05
-1.292498089467778721e-01,-7.946930412637650543e-01,3.431466646327446801e-02,7.142311784865538376e-04,7.204812017856914840e-04,5.953421332929676260e-05
-1.292498089467778721e-01,-7.946930412637650543e-01,3.431466646327446801e-02,7.142311784865538376e-04,7.204812017856914840e-04,5.953421332929676260e-05
-1.678883736140388272e-01,-7.947870977499850165e-01,3.468827639603967034e-02,6.949679683737161780e-04,7.047042924889920183e-04,5.893242084117003571e-05
-1.678883736140388272e-01,-7.947870977499850165e-01,3.468827639603967034e-02,6.949679683737161780e-04,7.047042924889920183e-04,5.893242084117003571e-05
-1.678883736140388272e-01,-7.947870977499850165e-01,3.468827639603967034e-02,6.949679683737161780e-04,7.047042924889920183e-04,5.893242084117003571e-05
-1.678883736140388272e-01,-7.947870977499850165e-01,3.468827639603967034e-02,6.949679683737161780e-04,7.047042924889920183e-04,5.893242084117003571e-05
-1.678883736140388272e-01,-7.947870977499850165e-01,3.468827639603967034e-02,6.949679683737161780e-04,7.047042924889920183e-04,5.893242084117003571e-05
-1.678883736140388272e-01,-7.947870977499850165e-01,3.468827639603967034e-02,6.949679683737161780e-04,7.047042924889920183e-04,5.893242084117003571e-05
-1.678883736140388272e-01,-7.947870977499850165e-01,3.468827639603967034e-02,6.949679683737161780e-04,7.047042924889920183e-04,5.893242084117003571e-05
-1.678883736140388272e-01,-7.947870977499850165e-01,3.468827639603967034e-02,6.949679683737161780e-04,7.047042924889920183e-04,5.893242084117003571e-05
-1.678883736140388272e-01,-7.947870977499850165e-01,3.468827639603967034e-02,6.949679683737161780e-04,7.047042924889920183e-04,5.893242084117003571e-05
-1.678883736140388272e-01,-7.947870977499850165e-01,3.468827639603967034e-02,6.949679683737161780e-04,7.047042924889920183e-04,5.893242084117003571e-05
-1.678883736140388272e-01,-7.947870977499850165e-01,3.468827639603967034e-02,6.949679683737161780e-04,7.047042924889920183e-04,5.893242084117003571e-05
-1.678883736140388272e-01,-7.947870977499850165e-01,3.468827639603967034e-02,6.949679683737161780e-04,7.047042924889920183e-04,5.893242084117003571e-05
-1.678883736140388272e-01,-7.947870977499850165e-01,3.468827639603967034e-02,6.949679683737161780e-04,7.047042924889920183e-04,5.893242084117003571e-05
-1.678883736140388272e-01,-7.947870977499850165e-01,3.468827639603967034e-02,6.949679683737161780e-04,7.047042924889920183e-04,5.893242084117003571e-05
-1.678883736140388272e-01,-7.947870977499850165e-01,3.468827639603967034e-02,6.949679683737161780e-04,7.047042924889920183e-04,5.893242084117003571e-05
-2.057091048468889238e-01,-7.933922668261402800e-01,3.499846815242711739e-02,6.877225926061886077e-04,6.920318990504041807e-04,5.859018921200583144e-05
-2.057091048468889238e-01,-7.933922668261402800e-01,3.499846815242711739e-02,6.877225926061886077e-04,6.920318990504041807e-04,5.859018921200583144e-05
-2.057091048468889238e-01,-7.933922668261402800e-01,3.499846815242711739e-02,6.877225926061886077e-04,6.920318990504041807e-04,5.859018921200583144e-05
-2.057091048468889238e-01,-7.933922668261402800e-01,3.499846815242711739e-02,6.877225926061886077e-04,6.920318990504041807e-04,5.859018921200583144e-05
-2.057091048468889238e-01,-7.933922668261402800e-01,3.499846815242711739e-02,6.877225926061886077e-04,6.920318990504041807e-04,5.859018921200583144e-05
-2.057091048468889238e-01,-7.933922668261402800e-01,3.499846815242711739e-02,6.877225926061886077e-04,6.920318990504041807e-04,5.859018921200583144e-05
-2.057091048468889238e-01,-7.933922668261402800e-01,3.499846815242711739e-02,6.877225926061886077e-04,6.920318990504041807e-04,5.859018921200583144e-05
-2.057091048468889238e-01,-7.933922668261402800e-01,3.499846815242711739e-02,6.877225926061886077e-04,6.920318990504041807e-04,5.859018921200583144e-05
-2.057091048468889238e-01,-7.933922668261402800e-01,3.499846815242711739e-02,6.877225926061886077e-04,6.920318990504041807e-04,5.859018921200583144e-05
-2.057091048468889238e-01,-7.933922668261402800e-01,3.499846815242711739e-02,6.877225926061886077e-04,6.920318990504041807e-04,5.859018921200583144e-05
-2.057091048468889238e-01,-7.933922668261402800e-01,3.499846815242711739e-02,6.877225926061886077e-04,6.920318990504041807e-04,5.859018921200583144e-05
-2.057091048468889238e-01,-7.933922668261402800e-01,3.499846815242711739e-02,6.877225926061886077e-04,6.920318990504041807e-04,5.859018921200583144e-05
-2.057091048468889238e-01,-7.933922668261402800e-01,3.499846815242711739e-02,6.877225926061886077e-04,6.920318990504041807e-04,5.859018921200583144e-05
-2.057091048468889238e-01,-7.933922668261402800e-01,3.499846815242711739e-02,6.877225926061886077e-04,6.920318990504041807e-04,5.859018921200583144e-05
-2.057091048468889238e-01,-7.933922668261402800e-01,3.499846815242711739e-02,6.877225926061886077e-04,6.920318990504041807e-04,5.859018921200583144e-05
-2.431116661302571702e-01,-7.903511987391450555e-01,3.523056688854979412e-02,6.869027576002904216e-04,6.814317978445116235e-04,5.840404532384324879e-05
-2.431116661302571702e-01,-7.903511987391450555e-01,3.523056688854979412e-02,6.869027576002904216e-04,6.814317978445116235e-04,5.840404532384324879e-05
-2.431116661302571702e-01,-7.903511987391450555e-01,3.523056688854979412e-02,6.869027576002904216e-04,6.814317978445116235e-04,5.840404532384324879e-05
-2.431116661302571702e-01,-7.903511987391450555e-01,3.523056688854979412e-02,6.869027576002904216e-04,6.814317978445116235e-04,5.840404532384324879e-05
-2.431116661302571702e-01,-7.903511987391450555e-01,3.523056688854979412e-02,6.869027576002904216e-04,6.814317978445116235e-04,5.840404532384324879e-05
-2.431116661302571702e-01,-7.903511987391450555e-01,3.523056688854979412e-02,6.869027576002904216e-04,6.814317978445116235e-04,5.840404532384324879e-05
-2.431116661302571702e-01,-7.903511987391450555e-01,3.523056688854979412e-02,6.869027576002904216e-04,6.814317978445116235e-04,5.840404532384324879e-05
-2.431116661302571702e-01,-7.903511987391450555e-01,3.523056688854979412e-02,6.869027576002904216e-04,6.814317978445116235e-04,5.840404532384324879e-05
-2.431116661302571702e-01,-7.903511987391450555e-01,3.523056688854979412e-02,6.869027576002904216e-04,6.814317978445116235e-04,5.840404532384324879e-05
-2.431116661302571702e-01,-7.903511987391450555e-01,3.523056688854979412e-02,6.869027576002904216e-04,6.814317978445116235e-04,5.840404532384324879e-05
-2.431116661302571702e-01,-7.903511987391450555e-01,3.523056688854979412e-02,6.869027576002904216e-04,6.814317978445116235e-04,5.840404532384324879e-05
-2.431116661302571702e-01,-7.903511987391450555e-01,3.523056688854979412e-02,6.869027576002904216e-04,6.814317978445116235e-04,5.840404532384324879e-05
-2.431116661302571702e-01,-7.903511987391450555e-01,3.523056688854979412e-02,6.869027576002904216e-04,6.814317978445116235e-04,5.840404532384324879e-05
-2.431116661302571702e-01,-7.903511987391450555e-01,3.523056688854979412e-02,6.869027576002904216e-04,6.814317978445116235e-04,5.840404532384324879e-05
-2.431116661302571702e-01,-7.903511987391450555e-01,3.523056688854979412e-02,6.869027576002904216e-04,6.814317978445116235e-04,5.840404532384324879e-05
-2.803628193563458271e-01,-7.855907420244377937e-01,3.538195410211391473e-02,6.894975186402049630e-04,6.721122131222778467e-04,5.832399792689224122e-05
-2.803628193563458271e-01,-7.855907420244377937e-01,3.538195410211391473e-02,6.894975186402049630e-04,6.721122131222778467e-04,5.832399792689224122e-05
-2.803628193563458271e-01,-7.855907420244377937e-01,3.538195410211391473e-02,6.894975186402049630e-04,6.721122131222778467e-04,5.832399792689224122e-05
-2.803628193563458271e-01,-7.855907420244377937e-01,3.538195410211391473e-02,6.894975186402049630e-04,6.721122131222778467e-04,5.832399792689224122e-05
-2.803628193563458271e-01,-7.855907420244377937e-01,3.538195410211391473e-02,6.894975186402049630e-04,6.721122131222778467e-04,5.832399792689224122e-05
-2.803628193563458271e-01,-7.855907420244377937e-01,3.538195410211391473e-02,6.894975186402049630e-04,6.721122131222778467e-04,5.832399792689224122e-05
-2.803628193563458271e-01,-7.855907420244377937e-01,3.538195410211391473e-02,6.894975186402049630e-04,6.721122131222778467e-04,5.832399792689224122e-05
-2.803628193563458271e-01,-7.855907420244377937e-01,3.538195410211391473e-02,6.894975186402049630e-04,6.721122131222778467e-04,5.832399792689224122e-05
-2.803628193563458271e-01,-7.855907420244377937e-01,3.538195410211391473e-02,6.894975186402049630e-04,6.721122131222778467e-04,5.832399792689224122e-05
-2.803628193563458271e-01,-7.855907420244377937e-01,3.538195410211391473e-02,6.894975186402049630e-04,6.721122131222778467e-04,5.832399792689224122e-05
-2.803628193563458271e-01,-7.855907420244377937e-01,3.538195410211391473e-02,6.894975186402049630e-04,6.721122131222778467e-04,5.832399792689224122e-05
-2.803628193563458271e-01,-7.855907420244377937e-01,3.538195410211391473e-02,6.894975186402049630e-04,6.721122131222778467e-04,5.832399792689224122e-05
-2.803628193563458271e-01,-7.855907420244377937e-01,3.538195410211391473e-02,6.894975186402049630e-04,6.721122131222778467e-04,5.832399792689224122e-05
-2.803628193563458271e-01,-7.855907420244377937e-01,3.538195410211391473e-02,6.894975186402049630e-04,6.721122131222778467e-04,5.832399792689224122e-05
-2.803628193563458271e-01,-7.855907420244377937e-01,3.538195410211391473e-02,6.894975186402049630e-04,6.721122131222778467e-04,5.832399792689224122e-05
-3.175333158674634171e-01,-7.790693578790636176e-01,3.544936038295484065e-02,6.917254259396771058e-04,6.631646362086537341e-04,5.813891751750198888e-05
-3.175333158674634171e-01,-7.790693578790636176e-01,3.544936038295484065e-02,6.917254259396771058e-04,6.631646362086537341e-04,5.813891751750198888e-05
-3.175333158674634171e-01,-7.790693578790636176e-01,3.544936038295484065e-02,6.917254259396771058e-04,6.631646362086537341e-04,5.813891751750198888e-05
-3.175333158674634171e-01,-7.790693578790636176e-01,3.544936038295484065e-02,6.917254259396771058e-04,6.631646362086537341e-04,5.813891751750198888e-05
-3.175333158674634171e-01,-7.790693578790636176e-01,3.544936038295484065e-02,6.917254259396771058e-04,6.631646362086537341e-04,5.813891751750198888e-05
-3.175333158674634171e-01,-7.790693578790636176e-01,3.544936038295484065e-02,6.917254259396771058e-04,6.631646362086537341e-04,5.813891751750198888e-05
-3.175333158674634171e-01,-7.790693578790636176e-01,3.544936038295484065e-02,6.917254259396771058e-04,6.631646362086537341e-04,5.813891751750198888e-05
-3.175333158674634171e-01,-7.790693578790636176e-01,3.544936038295484065e-02,6.917254259396771058e-04,6.631646362086537341e-04,5.813891751750198888e-05
-3.175333158674634171e-01,-7.790693578790636176e-01,3.544936038295484065e-02,6.917254259396771058e-04,6.631646362086537341e-04,5.813891751750198888e-05
-3.175333158674634171e-01,-7.790693578790636176e-01,3.544936038295484065e-02,6.917254259396771058e-04,6.631646362086537341e-04,5.813891751750198888e-05
-3.175333158674634171e-01,-7.790693578790636176e-01,3.544936038295484065e-02,6.917254259396771058e-04,6.631646362086537341e-04,5.813891751750198888e-05
-3.175333158674634171e-01,-7.790693578790636176e-01,3.544936038295484065e-02,6.917254259396771058e-04,6.631646362086537341e-04,5.813891751750198888e-05
-3.175333158674634171e-01,-7.790693578790636176e-01,3.544936038295484065e-02,6.917254259396771058e-04,6.631646362086537341e-04,5.813891751750198888e-05
-3.175333158674634171e-01,-7.790693578790636176e-01,3.544936038295484065e-02,6.917254259396771058e-04,6.631646362086537341e-04,5.813891751750198888e-05
-3.175333158674634171e-01,-7.790693578790636176e-01,3.544936038295484065e-02,6.917254259396771058e-04,6.631646362086537341e-04,5.813891751750198888e-05
-3.551073890183636395e-01,-7.707161048183833740e-01,3.543315917589946740e-02,6.924258970103536756e-04,6.537088903790623864e-04,5.792200809967880398e-05
-3.551073890183636395e-01,-7.707161048183833740e-01,3.543315917589946740e-02,6.924258970103536756e-04,6.537088903790623864e-04,5.792200809967880398e-05
-3.551073890183636395e-01,-7.707161048183833740e-01,3.543315917589946740e-02,6.924258970103536756e-04,6.537088903790623864e-04,5.792200809967880398e-05
-3.551073890183636395e-01,-7.707161048183833740e-01,3.543315917589946740e-02,6.924258970103536756e-04,6.537088903790623864e-04,5.792200809967880398e-05
-3.551073890183636395e-01,-7.707161048183833740e-01,3.543315917589946740e-02,6.924258970103536756e-04,6.537088903790623864e-04,5.792200809967880398e-05
-3.551073890183636395e-01,-7.707161048183833740e-01,3.543315917589946740e-02,6.924258970103536756e-04,6.537088903790623864e-04,5.792200809967880398e-05
-3.551073890183636395e-01,-7.707161048183833740e-01,3.543315917589946740e-02,6.924258970103536756e-04,6.537088903790623864e-04,5.792200809967880398e-05
-3.551073890183636395e-01,-7.707161048183833740e-01,3.543315917589946740e-02,6.924258970103536756e-04,6.537088903790623864e-04,5.792200809967880398e-05
-3.551073890183636395e-01,-7.707161048183833740e-01,3.543315917589946740e-02,6.924258970103536756e-04,6.537088903790623864e-04,5.792200809967880398e-05
-3.551073890183636395e-01,-7.707161048183833740e-01,3.543315917589946740e-02,6.924258970103536756e-04,6.537088903790623864e-04,5.792200809967880398e-05
-3.551073890183636395e-01,-7.707161048183833740e-01,3.543315917589946740e-02,6.924258970103536756e-04,6.537088903790623864e-04,5.792200809967880398e-05
-3.551073890183636395e-01,-7.707161048183833740e-01,3.543315917589946740e-02,6.924258970103536756e-04,6.537088903790623864e-04,5.792200809967880398e-05
-3.551073890183636395e-01,-7.707161048183833740e-01,3.543315917589946740e-02,6.924258970103536756e-04,6.537088903790623864e-04,5.792200809967880398e-05
-3.551073890183636395e-01,-7.707161048183833740e-01,3.543315917589946740e-02,6.924258970103536756e-04,6.537088903790623864e-04,5.792200809967880398e-05
-3.551073890183636395e-01,-7.707161048183833740e-01,3.543315917589946740e-02,6.924258970103536756e-04,6.537088903790623864e-04,5.792200809967880398e-05
-3.935244054809273195e-01,-7.604360262421721028e-01,3.532017733994020220e-02,6.841775835850130022e-04,6.409304081217392620e-04,5.734531730019925194e-05
-3.935244054809273195e-01,-7.604360262421721028e-01,3.532017733994020220e-02,6.841775835850130022e-04,6.409304081217392620e-04,5.734531730019925194e-05
-3.935244054809273195e-01,-7.604360262421721028e-01,3.532017733994020220e-02,6.841775835850130022e-04,6.409304081217392620e-04,5.734531730019925194e-05
-3.935244054809273195e-01,-7.604360262421721028e-01,3.532017733994020220e-02,6.841775835850130022e-04,6.409304081217392620e-04,5.734531730019925194e-05
-3.935244054809273195e-01,-7.604360262421721028e-01,3.532017733994020220e-02,6.841775835850130022e-04,6.409304081217392620e-04,5.734531730019925194e-05
-3.935244054809273195e-01,-7.604360262421721028e-01,3.532017733994020220e-02,6.841775835850130022e-04,6.409304081217392620e-04,5.734531730019925194e-05
-3.935244054809273195e-01,-7.604360262421721028e-01,3.532017733994020220e-02,6.841775835850130022e-04,6.409304081217392620e-04,5.734531730019925194e-05
-3.935244054809273195e-01,-7.604360262421721028e-01,3.532017733994020220e-02,6.841775835850130022e-04,6.409304081217392620e-04,5.734531730019925194e-05
-3.935244054809273195e-01,-7.604360262421721028e-01,3.532017733994020220e-02,6.841775835850130022e-04,6.409304081217392620e-04,5.734531730019925194e-05
-3.935244054809273195e-01,-7.604360262421721028e-01,3.532017733994020220e-02,6.841775835850130022e-04,6.409304081217392620e-04,5.734531730019925194e-05
-3.935244054809273195e-01,-7.604360262421721028e-01,3.532017733994020220e-02,6.841775835850130022e-04,6.409304081217392620e-04,5.734531730019925194e-05
-3.935244054809273195e-01,-7.604360262421721028e-01,3.532017733994020220e-02,6.841775835850130022e-04,6.409304081217392620e-04,5.734531730019925194e-05
-3.935244054809273195e-01,-7.604360262421721028e-01,3.532017733994020220e-02,6.841775835850130022e-04,6.409304081217392620e-04,5.734531730019925194e-05
-3.935244054809273195e-01,-7.604360262421721028e-01,3.532017733994020220e-02,6.841775835850130022e-04,6.409304081217392620e-04,5.734531730019925194e-05
-3.935244054809273195e-01,-7.604360262421721028e-01,3.532017733994020220e-02,6.841775835850130022e-04,6.409304081217392620e-04,5.734531730019925194e-05
-4.329224447648166718e-01,-7.484410551251692301e-01,3.509123107654913559e-02,6.508406194031048390e-04,6.177735358804299377e-04,5.574350673862139914e-05
-4.329224447648166718e-01,-7.484410551251692301e-01,3.509123107654913559e-02,6.508406194031048390e-04,6.177735358804299377e-04,5.574350673862139914e-05
-4.329224447648166718e-01,-7.484410551251692301e-01,3.509123107654913559e-02,6.508406194031048390e-04,6.177735358804299377e-04,5.574350673862139914e-05
-4.329224447648166718e-01,-7.484410551251692301e-01,3.509123107654913559e-02,6.508406194031048390e-04,6.177735358804299377e-04,5.574350673862139914e-05
-4.329224447648166718e-01,-7.484410551251692301e-01,3.509123107654913559e-02,6.508406194031048390e-04,6.177735358804299377e-04,5.574350673862139914e-05
-4.329224447648166718e-01,-7.484410551251692301e-01,3.509123107654913559e-02,6.508406194031048390e-04,6.177735358804299377e-04,5.574350673862139914e-05
-4.329224447648166718e-01,-7.484410551251692301e-01,3.509123107654913559e-02,6.508406194031048390e-04,6.177735358804299377e-04,5.574350673862139914e-05
-4.329224447648166718e-01,-7.484410551251692301e-01,3.509123107654913559e-02,6.508406194031048390e-04,6.177735358804299377e-04,5.574350673862139914e-05
-4.329224447648166718e-01,-7.484410551251692301e-01,3.509123107654913559e-02,6.508406194031048390e-04,6.177735358804299377e-04,5.574350673862139914e-05
-4.329224447648166718e-01,-7.484410551251692301e-01,3.509123107654913559e-02,6.508406194031048390e-04,6.177735358804299377e-04,5.574350673862139914e-05
-4.329224447648166718e-01,-7.484410551251692301e-01,3.509123107654913559e-02,6.508406194031048390e-04,6.177735358804299377e-04,5.574350673862139914e-05
-4.329224447648166718e-01,-7.484410551251692301e-01,3.509123107654913559e-02,6.508406194031048390e-04,6.177735358804299377e-04,5.574350673862139914e-05
-4.329224447648166718e-01,-7.484410551251692301e-01,3.509123107654913559e-02,6.508406194031048390e-04,6.177735358804299377e-04,5.574350673862139914e-05
-4.329224447648166718e-01,-7.484410551251692301e-01,3.509123107654913559e-02,6.508406194031048390e-04,6.177735358804299377e-04,5.574350673862139914e-05
-4.329224447648166718e-01,-7.484410551251692301e-01,3.509123107654913559e-02,6.508406194031048390e-04,6.177735358804299377e-04,5.574350673862139914e-05
-4.704929261281172170e-01,-7.365560061608708020e-01,3.477145575860651067e-02,5.702929482785771024e-04,5.732918482013781361e-04,5.215641017964622330e-05
-4.704929261281172170e-01,-7.365560061608708020e-01,3.477145575860651067e-02,5.702929482785771024e-04,5.732918482013781361e-04,5.215641017964622330e-05
-4.704929261281172170e-01,-7.365560061608708020e-01,3.477145575860651067e-02,5.702929482785771024e-04,5.732918482013781361e-04,5.215641017964622330e-05
-4.704929261281172170e-01,-7.365560061608708020e-01,3.477145575860651067e-02,5.702929482785771024e-04,5.732918482013781361e-04,5.215641017964622330e-05
-4.704929261281172170e-01,-7.365560061608708020e-01,3.477145575860651067e-02,5.702929482785771024e-04,5.732918482013781361e-04,5.215641017964622330e-05
-4.704929261281172170e-01,-7.365560061608708020e-01,3.477145575860651067e-02,5.702929482785771024e-04,5.732918482013781361e-04,5.215641017964622330e-05
-4.704929261281172170e-01,-7.365560061608708020e-01,3.477145575860651067e-02,5.702929482785771024e-04,5.732918482013781361e-04,5.215641017964622330e-05
-4.704929261281172170e-01,-7.365560061608708020e-01,3.477145575860651067e-02,5.702929482785771024e-04,5.732918482013781361e-04,5.215641017964622330e-05
-4.704929261281172170e-01,-7.365560061608708020e-01,3.477145575860651067e-02,5.702929482785771024e-04,5.732918482013781361e-04,5.215641017964622330e-05
-4.704929261281172170e-01,-7.365560061608708020e-01,3.477145575860651067e-02,5.702929482785771024e-04,5.732918482013781361e-04,5.215641017964622330e-05
-4.704929261281172170e-01,-7.365560061608708020e-01,3.477145575860651067e-02,5.702929482785771024e-04,5.732918482013781361e-04,5.215641017964622330e-05
-4.704929261281172170e-01,-7.365560061608708020e-01,3.477145575860651067e-02,5.702929482785771024e-04,5.732918482013781361e-04,5.215641017964622330e-05
-4.704929261281172170e-01,-7.365560061608708020e-01,3.477145575860651067e-02,5.702929482785771024e-04,5.732918482013781361e-04,5.215641017964622330e-05
-4.704929261281172170e-01,-7.365560061608708020e-01,3.477145575860651067e-02,5.702929482785771024e-04,5.732918482013781361e-04,5.215641017964622330e-05
-4.704929261281172170e-01,-7.365560061608708020e-01,3.477145575860651067e-02,5.702929482785771024e-04,5.732918482013781361e-04,5.215641017964622330e-05
-4.990372134178767127e-01,-7.286494637231147875e-01,3.452277361018435409e-02,4.537310147640591937e-04,5.113419938212946910e-04,4.700523513425253772e-05
-4.990372134178767127e-01,-7.286494637231147875e-01,3.452277361018435409e-02,4.537310147640591937e-04,5.113419938212946910e-04,4.700523513425253772e-05
-4.990372134178767127e-01,-7.286494637231147875e-01,3.452277361018435409e-02,4.537310147640591937e-04,5.113419938212946910e-04,4.700523513425253772e-05
-4.990372134178767127e-01,-7.286494637231147875e-01,3.452277361018435409e-02,4.537310147640591937e-04,5.113419938212946910e-04,4.700523513425253772e-05
-4.990372134178767127e-01,-7.286494637231147875e-01,3.452277361018435409e-02,4.537310147640591937e-04,5.113419938212946910e-04,4.700523513425253772e-05
-4.990372134178767127e-01,-7.286494637231147875e-01,3.452277361018435409e-02,4.537310147640591937e-04,5.113419938212946910e-04,4.700523513425253772e-05
-4.990372134178767127e-01,-7.286494637231147875e-01,3.452277361018435409e-02,4.537310147640591937e-04,5.113419938212946910e-04,4.700523513425253772e-05
-4.990372134178767127e-01,-7.286494637231147875e-01,3.452277361018435409e-02,4.537310147640591937e-04,5.113419938212946910e-04,4.700523513425253772e-05
-4.990372134178767127e-01,-7.286494637231147875e-01,3.452277361018435409e-02,4.537310147640591937e-04,5.113419938212946910e-04,4.700523513425253772e-05
-4.990372134178767127e-01,-7.286494637231147875e-01,3.452277361018435409e-02,4.537310147640591937e-04,5.113419938212946910e-04,4.700523513425253772e-05
-4.990372134178767127e-01,-7.286494637231147875e-01,3.452277361018435409e-02,4.537310147640591937e-04,5.113419938212946910e-04,4.700523513425253772e-05
-4.990372134178767127e-01,-7.286494637231147875e-01,3.452277361018435409e-02,4.537310147640591937e-04,5.113419938212946910e-04,4.700523513425253772e-05
-4.990372134178767127e-01,-7.286494637231147875e-01,3.452277361018435409e-02,4.537310147640591937e-04,5.113419938212946910e-04,4.700523513425253772e-05
-4.990372134178767127e-01,-7.286494637231147875e-01,3.452277361018435409e-02,4.537310147640591937e-04,5.113419938212946910e-04,4.700523513425253772e-05
-4.990372134178767127e-01,-7.286494637231147875e-01,3.452277361018435409e-02,4.537310147640591937e-04,5.113419938212946910e-04,4.700523513425253772e-05
-5.160447154825634763e-01,-7.256480451382714136e-01,3.449960834748398708e-02,3.737964062085078268e-04,4.664357104435887399e-04,4.285222835907933600e-05
-5.160447154825634763e-01,-7.256480451382714136e-01,3.449960834748398708e-02,3.737964062085078268e-04,4.664357104435887399e-04,4.285222835907933600e-05
-5.160447154825634763e-01,-7.256480451382714136e-01,3.449960834748398708e-02,3.737964062085078268e-04,4.664357104435887399e-04,4.285222835907933600e-05
-5.160447154825634763e-01,-7.256480451382714136e-01,3.449960834748398708e-02,3.737964062085078268e-04,4.664357104435887399e-04,4.285222835907933600e-05
-5.160447154825634763e-01,-7.256480451382714136e-01,3.449960834748398708e-02,3.737964062085078268e-04,4.664357104435887399e-04,4.285222835907933600e-05
-5.160447154825634763e-01,-7.256480451382714136e-01,3.449960834748398708e-02,3.737964062085078268e-04,4.664357104435887399e-04,4.285222835907933600e-05
-5.160447154825634763e-01,-7.256480451382714136e-01,3.449960834748398708e-02,3.737964062085078268e-04,4.664357104435887399e-04,4.285222835907933600e-05
-5.160447154825634763e-01,-7.256480451382714136e-01,3.449960834748398708e-02,3.737964062085078268e-04,4.664357104435887399e-04,4.285222835907933600e-05
-5.160447154825634763e-01,-7.256480451382714136e-01,3.449960834748398708e-02,3.737964062085078268e-04,4.664357104435887399e-04,4.285222835907933600e-05
-5.160447154825634763e-01,-7.256480451382714136e-01,3.449960834748398708e-02,3.737964062085078268e-04,4.664357104435887399e-04,4.285222835907933600e-05
-5.160447154825634763e-01,-7.256480451382714136e-01,3.449960834748398708e-02,3.737964062085078268e-04,4.664357104435887399e-04,4.285222835907933600e-05
-5.160447154825634763e-01,-7.256480451382714136e-01,3.449960834748398708e-02,3.737964062085078268e-04,4.664357104435887399e-04,4.285222835907933600e-05
-5.160447154825634763e-01,-7.256480451382714136e-01,3.449960834748398708e-02,3.737964062085078268e-04,4.664357104435887399e-04,4.285222835907933600e-05
-5.160447154825634763e-01,-7.256480451382714136e-01,3.449960834748398708e-02,3.737964062085078268e-04,4.664357104435887399e-04,4.285222835907933600e-05
-5.160447154825634763e-01,-7.256480451382714136e-01,3.449960834748398708e-02,3.737964062085078268e-04,4.664357104435887399e-04,4.285222835907933600e-05
-5.283855847771876668e-01,-7.235437575869140270e-01,3.458798712547443005e-02,3.149101420989154306e-04,4.325910881028902370e-04,4.049628957147043964e-05
-5.283855847771876668e-01,-7.235437575869140270e-01,3.458798712547443005e-02,3.149101420989154306e-04,4.325910881028902370e-04,4.049628957147043964e-05
-5.283855847771876668e-01,-7.235437575869140270e-01,3.458798712547443005e-02,3.149101420989154306e-04,4.325910881028902370e-04,4.049628957147043964e-05
-5.283855847771876668e-01,-7.235437575869140270e-01,3.458798712547443005e-02,3.149101420989154306e-04,4.325910881028902370e-04,4.049628957147043964e-05
-5.283855847771876668e-01,-7.235437575869140270e-01,3.458798712547443005e-02,3.149101420989154306e-04,4.325910881028902370e-04,4.049628957147043964e-05
-5.283855847771876668e-01,-7.235437575869140270e-01,3.458798712547443005e-02,3.149101420989154306e-04,4.325910881028902370e-04,4.049628957147043964e-05
-5.283855847771876668e-01,-7.235437575869140270e-01,3.458798712547443005e-02,3.149101420989154306e-04,4.325910881028902370e-04,4.049628957147043964e-05
-5.283855847771876668e-01,-7.235437575869140270e-01,3.458798712547443005e-02,3.149101420989154306e-04,4.325910881028902370e-04,4.049628957147043964e-05
-5.283855847771876668e-01,-7.235437575869140270e-01,3.458798712547443005e-02,3.149101420989154306e-04,4.325910881028902370e-04,4.049628957147043964e-05
-5.283855847771876668e-01,-7.235437575869140270e-01,3.458798712547443005e-02,3.149101420989154306e-04,4.325910881028902370e-04,4.049628957147043964e-05
-5.283855847771876668e-01,-7.235437575869140270e-01,3.458798712547443005e-02,3.149101420989154306e-04,4.325910881028902370e-04,4.049628957147043964e-05
-5.283855847771876668e-01,-7.235437575869140270e-01,3.458798712547443005e-02,3.149101420989154306e-04,4.325910881028902370e-04,4.049628957147043964e-05
-5.283855847771876668e-01,-7.235437575869140270e-01,3.458798712547443005e-02,3.149101420989154306e-04,4.325910881028902370e-04,4.049628957147043964e-05
-5.283855847771876668e-01,-7.235437575869140270e-01,3.458798712547443005e-02,3.149101420989154306e-04,4.325910881028902370e-04,4.049628957147043964e-05
-5.283855847771876668e-01,-7.235437575869140270e-01,3.458798712547443005e-02,3.149101420989154306e-04,4.325910881028902370e-04,4.049628957147043964e-05
-5.401989388846369922e-01,-7.207593181978690922e-01,3.471393767429355875e-02,2.928812813121797580e-04,4.146194484183817679e-04,3.947206659705494882e-05
-5.401989388846369922e-01,-7.207593181978690922e-01,3.471393767429355875e-02,2.928812813121797580e-04,4.146194484183817679e-04,3.947206659705494882e-05
-5.401989388846369922e-01,-7.207593181978690922e-01,3.471393767429355875e-02,2.928812813121797580e-04,4.146194484183817679e-04,3.947206659705494882e-05
-5.401989388846369922e-01,-7.207593181978690922e-01,3.471393767429355875e-02,2.928812813121797580e-04,4.146194484183817679e-04,3.947206659705494882e-05
-5.401989388846369922e-01,-7.207593181978690922e-01,3.471393767429355875e-02,2.928812813121797580e-04,4.146194484183817679e-04,3.947206659705494882e-05
-5.401989388846369922e-01,-7.207593181978690922e-01,3.471393767429355875e-02,2.928812813121797580e-04,4.146194484183817679e-04,3.947206659705494882e-05
-5.401989388846369922e-01,-7.207593181978690922e-01,3.471393767429355875e-02,2.928812813121797580e-04,4.146194484183817679e-04,3.947206659705494882e-05
-5.401989388846369922e-01,-7.207593181978690922e-01,3.471393767429355875e-02,2.928812813121797580e-04,4.146194484183817679e-04,3.947206659705494882e-05
-5.401989388846369922e-01,-7.207593181978690922e-01,3.471393767429355875e-02,2.928812813121797580e-04,4.146194484183817679e-04,3.947206659705494882e-05
-5.401989388846369922e-01,-7.207593181978690922e-01,3.471393767429355875e-02,2.928812813121797580e-04,4.146194484183817679e-04,3.947206659705494882e-05
-5.401989388846369922e-01,-7.207593181978690922e-01,3.471393767429355875e-02,2.928812813121797580e-04,4.146194484183817679e-04,3.947206659705494882e-05
-5.401989388846369922e-01,-7.207593181978690922e-01,3.471393767429355875e-02,2.928812813121797580e-04,4.146194484183817679e-04,3.947206659705494882e-05
-5.401989388846369922e-01,-7.207593181978690922e-01,3.471393767429355875e-02,2.928812813121797580e-04,4.146194484183817679e-04,3.947206659705494882e-05
-5.401989388846369922e-01,-7.207593181978690922e-01,3.471393767429355875e-02,2.928812813121797580e-04,4.146194484183817679e-04,3.947206659705494882e-05
-5.401989388846369922e-01,-7.207593181978690922e-01,3.471393767429355875e-02,2.928812813121797580e-04,4.146194484183817679e-04,3.947206659705494882e-05
-5.526983382995394045e-01,-7.170483970324019740e-01,3.483479323521827820e-02,2.870372306186237763e-04,4.029506757988299921e-04,3.904245703116137993e-05
-5.526983382995394045e-01,-7.170483970324019740e-01,3.483479323521827820e-02,2.870372306186237763e-04,4.029506757988299921e-04,3.904245703116137993e-05
-5.526983382995394045e-01,-7.170483970324019740e-01,3.483479323521827820e-02,2.870372306186237763e-04,4.029506757988299921e-04,3.904245703116137993e-05
-5.526983382995394045e-01,-7.170483970324019740e-01,3.483479323521827820e-02,2.870372306186237763e-04,4.029506757988299921e-04,3.904245703116137993e-05
-5.526983382995394045e-01,-7.170483970324019740e-01,3.483479323521827820e-02,2.870372306186237763e-04,4.029506757988299921e-04,3.904245703116137993e-05
-5.526983382995394045e-01,-7.170483970324019740e-01,3.483479323521827820e-02,2.870372306186237763e-04,4.029506757988299921e-04,3.904245703116137993e-05
-5.526983382995394045e-01,-7.170483970324019740e-01,3.483479323521827820e-02,2.870372306186237763e-04,4.029506757988299921e-04,3.904245703116137993e-05
-5.526983382995394045e-01,-7.170483970324019740e-01,3.483479323521827820e-02,2.870372306186237763e-04,4.029506757988299921e-04,3.904245703116137993e-05
-5.526983382995394045e-01,-7.170483970324019740e-01,3.483479323521827820e-02,2.870372306186237763e-04,4.029506757988299921e-04,3.904245703116137993e-05
-5.526983382995394045e-01,-7.170483970324019740e-01,3.483479323521827820e-02,2.870372306186237763e-04,4.029506757988299921e-04,3.904245703116137993e-05
-5.526983382995394045e-01,-7.170483970324019740e-01,3.483479323521827820e-02,2.870372306186237763e-04,4.029506757988299921e-04,3.904245703116137993e-05
-5.526983382995394045e-01,-7.170483970324019740e-01,3.483479323521827820e-02,2.870372306186237763e-04,4.029506757988299921e-04,3.904245703116137993e-05
-5.526983382995394045e-01,-7.170483970324019740e-01,3.483479323521827820e-02,2.870372306186237763e-04,4.029506757988299921e-04,3.904245703116137993e-05
-5.526983382995394045e-01,-7.170483970324019740e-01,3.483479323521827820e-02,2.870372306186237763e-04,4.029506757988299921e-04,3.904245703116137993e-05
-5.526983382995394045e-01,-7.170483970324019740e-01,3.483479323521827820e-02,2.870372306186237763e-04,4.029506757988299921e-04,3.904245703116137993e-05
-5.658084440001149851e-01,-7.126442096459048026e-01,3.494081498282730625e-02,2.871780948125512772e-04,3.930530355645709610e-04,3.884457720314464475e-05
-5.658084440001149851e-01,-7.126442096459048026e-01,3.494081498282730625e-02,2.871780948125512772e-04,3.930530355645709610e-04,3.884457720314464475e-05
-5.658084440001149851e-01,-7.126442096459048026e-01,3.494081498282730625e-02,2.871780948125512772e-04,3.930530355645709610e-04,3.884457720314464475e-05
-5.658084440001149851e-01,-7.126442096459048026e-01,3.494081498282730625e-02,2.871780948125512772e-04,3.930530355645709610e-04,3.884457720314464475e-05
-5.658084440001149851e-01,-7.126442096459048026e-01,3.494081498282730625e-02,2.871780948125512772e-04,3.930530355645709610e-04,3.884457720314464475e-05
-5.658084440001149851e-01,-7.126442096459048026e-01,3.494081498282730625e-02,2.871780948125512772e-04,3.930530355645709610e-04,3.884457720314464475e-05
-5.658084440001149851e-01,-7.126442096459048026e-01,3.494081498282730625e-02,2.871780948125512772e-04,3.930530355645709610e-04,3.884457720314464475e-05
-5.658084440001149851e-01,-7.126442096459048026e-01,3.494081498282730625e-02,2.871780948125512772e-04,3.930530355645709610e-04,3.884457720314464475e-05
-5.658084440001149851e-01,-7.126442096459048026e-01,3.494081498282730625e-02,2.871780948125512772e-04,3.930530355645709610e-04,3.884457720314464475e-05
-5.658084440001149851e-01,-7.126442096459048026e-01,3.494081498282730625e-02,2.871780948125512772e-04,3.930530355645709610e-04,3.884457720314464475e-05
-5.658084440001149851e-01,-7.126442096459048026e-01,3.494081498282730625e-02,2.871780948125512772e-04,3.930530355645709610e-04,3.884457720314464475e-05
-5.658084440001149851e-01,-7.126442096459048026e-01,3.494081498282730625e-02,2.871780948125512772e-04,3.930530355645709610e-04,3.884457720314464475e-05
-5.658084440001149851e-01,-7.126442096459048026e-01,3.494081498282730625e-02,2.871780948125512772e-04,3.930530355645709610e-04,3.884457720314464475e-05
-5.658084440001149851e-01,-7.126442096459048026e-01,3.494081498282730625e-02,2.871780948125512772e-04,3.930530355645709610e-04,3.884457720314464475e-05
-5.658084440001149851e-01,-7.126442096459048026e-01,3.494081498282730625e-02,2.871780948125512772e-04,3.930530355645709610e-04,3.884457720314464475e-05
-5.791657829143364022e-01,-7.078163674488150425e-01,3.502926644951308288e-02,2.885676910938313492e-04,3.827814645467091039e-04,3.872360148764169153e-05
-5.791657829143364022e-01,-7.078163674488150425e-01,3.502926644951308288e-02,2.885676910938313492e-04,3.827814645467091039e-04,3.872360148764169153e-05
-5.791657829143364022e-01,-7.078163674488150425e-01,3.502926644951308288e-02,2.885676910938313492e-04,3.827814645467091039e-04,3.872360148764169153e-05
-5.791657829143364022e-01,-7.078163674488150425e-01,3.502926644951308288e-02,2.885676910938313492e-04,3.827814645467091039e-04,3.872360148764169153e-05
-5.791657829143364022e-01,-7.078163674488150425e-01,3.502926644951308288e-02,2.885676910938313492e-04,3.827814645467091039e-04,3.872360148764169153e-05
-5.791657829143364022e-01,-7.078163674488150425e-01,3.502926644951308288e-02,2.885676910938313492e-04,3.827814645467091039e-04,3.872360148764169153e-05
-5.791657829143364022e-01,-7.078163674488150425e-01,3.502926644951308288e-02,2.885676910938313492e-04,3.827814645467091039e-04,3.872360148764169153e-05
-5.791657829143364022e-01,-7.078163674488150425e-01,3.502926644951308288e-02,2.885676910938313492e-04,3.827814645467091039e-04,3.872360148764169153e-05
-5.791657829143364022e-01,-7.078163674488150425e-01,3.502926644951308288e-02,2.885676910938313492e-04,3.827814645467091039e-04,3.872360148764169153e-05
-5.791657829143364022e-01,-7.078163674488150425e-01,3.502926644951308288e-02,2.885676910938313492e-04,3.827814645467091039e-04,3.872360148764169153e-05
-5.791657829143364022e-01,-7.078163674488150425e-01,3.502926644951308288e-02,2.885676910938313492e-04,3.827814645467091039e-04,3.872360148764169153e-05
-5.791657829143364022e-01,-7.078163674488150425e-01,3.502926644951308288e-02,2.885676910938313492e-04,3.827814645467091039e-04,3.872360148764169153e-05
-5.791657829143364022e-01,-7.078163674488150425e-01,3.502926644951308288e-02,2.885676910938313492e-04,3.827814645467091039e-04,3.872360148764169153e-05
-5.791657829143364022e-01,-7.078163674488150425e-01,3.502926644951308288e-02,2.885676910938313492e-04,3.827814645467091039e-04,3.872360148764169153e-05
-5.791657829143364022e-01,-7.078163674488150425e-01,3.502926644951308288e-02,2.885676910938313492e-04,3.827814645467091039e-04,3.872360148764169153e-05
-5.921033274888145570e-01,-7.029388726120511244e-01,3.509536378747099561e-02,2.881641639225071203e-04,3.706725368143672680e-04,3.860500698867419338e-05
-5.921033274888145570e-01,-7.029388726120511244e-01,3.509536378747099561e-02,2.881641639225071203e-04,3.706725368143672680e-04,3.860500698867419338e-05
-5.921033274888145570e-01,-7.029388726120511244e-01,3.509536378747099561e-02,2.881641639225071203e-04,3.706725368143672680e-04,3.860500698867419338e-05
-5.921033274888145570e-01,-7.029388726120511244e-01,3.509536378747099561e-02,2.881641639225071203e-04,3.706725368143672680e-04,3.860500698867419338e-05
-5.921033274888145570e-01,-7.029388726120511244e-01,3.509536378747099561e-02,2.881641639225071203e-04,3.706725368143672680e-04,3.860500698867419338e-05
-5.921033274888145570e-01,-7.029388726120511244e-01,3.509536378747099561e-02,2.881641639225071203e-04,3.706725368143672680e-04,3.860500698867419338e-05
-5.921033274888145570e-01,-7.029388726120511244e-01,3.509536378747099561e-02,2.881641639225071203e-04,3.706725368143672680e-04,3.860500698867419338e-05
-5.921033274888145570e-01,-7.029388726120511244e-01,3.509536378747099561e-02,2.881641639225071203e-04,3.706725368143672680e-04,3.860500698867419338e-05
-5.921033274888145570e-01,-7.029388726120511244e-01,3.509536378747099561e-02,2.881641639225071203e-04,3.706725368143672680e-04,3.860500698867419338e-05
-5.921033274888145570e-01,-7.029388726120511244e-01,3.509536378747099561e-02,2.881641639225071203e-04,3.706725368143672680e-04,3.860500698867419338e-05
-5.921033274888145570e-01,-7.029388726120511244e-01,3.509536378747099561e-02,2.881641639225071203e-04,3.706725368143672680e-04,3.860500698867419338e-05
-5.921033274888145570e-01,-7.029388726120511244e-01,3.509536378747099561e-02,2.881641639225071203e-04,3.706725368143672680e-04,3.860500698867419338e-05
-5.921033274888145570e-01,-7.029388726120511244e-01,3.509536378747099561e-02,2.881641639225071203e-04,3.706725368143672680e-04,3.860500698867419338e-05
-5.921033274888145570e-01,-7.029388726120511244e-01,3.509536378747099561e-02,2.881641639225071203e-04,3.706725368143672680e-04,3.860500698867419338e-05
-5.921033274888145570e-01,-7.029388726120511244e-01,3.509536378747099561e-02,2.881641639225071203e-04,3.706725368143672680e-04,3.860500698867419338e-05
-6.027660136230154064e-01,-6.990017240239766450e-01,3.513638389869142009e-02,2.952217476920654588e-04,3.643882621413212317e-04,3.896631374526268623e-05
-6.027660136230154064e-01,-6.990017240239766450e-01,3.513638389869142009e-02,2.952217476920654588e-04,3.643882621413212317e-04,3.896631374526268623e-05
-6.027660136230154064e-01,-6.990017240239766450e-01,3.513638389869142009e-02,2.952217476920654588e-04,3.643882621413212317e-04,3.896631374526268623e-05
-6.027660136230154064e-01,-6.990017240239766450e-01,3.513638389869142009e-02,2.952217476920654588e-04,3.643882621413212317e-04,3.896631374526268623e-05
-6.027660136230154064e-01,-6.990017240239766450e-01,3.513638389869142009e-02,2.952217476920654588e-04,3.643882621413212317e-04,3.896631374526268623e-05
-6.027660136230154064e-01,-6.990017240239766450e-01,3.513638389869142009e-02,2.952217476920654588e-04,3.643882621413212317e-04,3.896631374526268623e-05
-6.027660136230154064e-01,-6.990017240239766450e-01,3.513638389869142009e-02,2.952217476920654588e-04,3.643882621413212317e-04,3.896631374526268623e-05
-6.027660136230154064e-01,-6.990017240239766450e-01,3.513638389869142009e-02,2.952217476920654588e-04,3.643882621413212317e-04,3.896631374526268623e-05
-6.027660136230154064e-01,-6.990017240239766450e-01,3.513638389869142009e-02,2.952217476920654588e-04,3.643882621413212317e-04,3.896631374526268623e-05
-6.027660136230154064e-01,-6.990017240239766450e-01,3.513638389869142009e-02,2.952217476920654588e-04,3.643882621413212317e-04,3.896631374526268623e-05
-6.027660136230154064e-01,-6.990017240239766450e-01,3.513638389869142009e-02,2.952217476920654588e-04,3.643882621413212317e-04,3.896631374526268623e-05
-6.027660136230154064e-01,-6.990017240239766450e-01,3.513638389869142009e-02,2.952217476920654588e-04,3.643882621413212317e-04,3.896631374526268623e-05
-6.027660136230154064e-01,-6.990017240239766450e-01,3.513638389869142009e-02,2.952217476920654588e-04,3.643882621413212317e-04,3.896631374526268623e-05
-6.027660136230154064e-01,-6.990017240239766450e-01,3.513638389869142009e-02,2.952217476920654588e-04,3.643882621413212317e-04,3.896631374526268623e-05
-6.027660136230154064e-01,-6.990017240239766450e-01,3.513638389869142009e-02,2.952217476920654588e-04,3.643882621413212317e-04,3.896631374526268623e-05
-6.098210089808746570e-01,-6.965604290782385632e-01,3.512644822789908611e-02,2.763637221237546832e-04,3.422527785442987204e-04,3.844514964304218175e-05
-6.098210089808746570e-01,-6.965604290782385632e-01,3.512644822789908611e-02,2.763637221237546832e-04,3.422527785442987204e-04,3.844514964304218175e-05
-6.098210089808746570e-01,-6.965604290782385632e-01,3.512644822789908611e-02,2.763637221237546832e-04,3.422527785442987204e-04,3.844514964304218175e-05
-6.098210089808746570e-01,-6.965604290782385632e-01,3.512644822789908611e-02,2.763637221237546832e-04,3.422527785442987204e-04,3.844514964304218175e-05
-6.098210089808746570e-01,-6.965604290782385632e-01,3.512644822789908611e-02,2.763637221237546832e-04,3.422527785442987204e-04,3.844514964304218175e-05
-6.098210089808746570e-01,-6.965604290782385632e-01,3.512644822789908611e-02,2.763637221237546832e-04,3.422527785442987204e-04,3.844514964304218175e-05
-6.098210089808746570e-01,-6.965604290782385632e-01,3.512644822789908611e-02,2.763637221237546832e-04,3.422527785442987204e-04,3.844514964304218175e-05
-6.098210089808746570e-01,-6.965604290782385632e-01,3.512644822789908611e-02,2.763637221237546832e-04,3.422527785442987204e-04,3.844514964304218175e-05
-6.098210089808746570e-01,-6.965604290782385632e-01,3.512644822789908611e-02,2.763637221237546832e-04,3.422527785442987204e-04,3.844514964304218175e-05
-6.098210089808746570e-01,-6.965604290782385632e-01,3.512644822789908611e-02,2.763637221237546832e-04,3.422527785442987204e-04,3.844514964304218175e-05
-6.098210089808746570e-01,-6.965604290782385632e-01,3.512644822789908611e-02,2.763637221237546832e-04,3.422527785442987204e-04,3.844514964304218175e-05
-6.098210089808746570e-01,-6.965604290782385632e-01,3.512644822789908611e-02,2.763637221237546832e-04,3.422527785442987204e-04,3.844514964304218175e-05
-6.098210089808746570e-01,-6.965604290782385632e-01,3.512644822789908611e-02,2.763637221237546832e-04,3.422527785442987204e-04,3.844514964304218175e-05
-6.098210089808746570e-01,-6.965604290782385632e-01,3.512644822789908611e-02,2.763637221237546832e-04,3.422527785442987204e-04,3.844514964304218175e-05
-6.098210089808746570e-01,-6.965604290782385632e-01,3.512644822789908611e-02,2.763637221237546832e-04,3.422527785442987204e-04,3.844514964304218175e-05
-6.112750728987722537e-01,-6.966149934646387321e-01,3.508677959799867685e-02,2.576159464862116098e-04,3.247257080403810376e-04,3.807038397991186504e-05
-6.112750728987722537e-01,-6.966149934646387321e-01,3.508677959799867685e-02,2.576159464862116098e-04,3.247257080403810376e-04,3.807038397991186504e-05
-6.112750728987722537e-01,-6.966149934646387321e-01,3.508677959799867685e-02,2.576159464862116098e-04,3.247257080403810376e-04,3.807038397991186504e-05
-6.112750728987722537e-01,-6.966149934646387321e-01,3.508677959799867685e-02,2.576159464862116098e-04,3.247257080403810376e-04,3.807038397991186504e-05
-6.112750728987722537e-01,-6.966149934646387321e-01,3.508677959799867685e-02,2.576159464862116098e-04,3.247257080403810376e-04,3.807038397991186504e-05
-6.112750728987722537e-01,-6.966149934646387321e-01,3.508677959799867685e-02,2.576159464862116098e-04,3.247257080403810376e-04,3.807038397991186504e-05
-6.112750728987722537e-01,-6.966149934646387321e-01,3.508677959799867685e-02,2.576159464862116098e-04,3.247257080403810376e-04,3.807038397991186504e-05
-6.112750728987722537e-01,-6.966149934646387321e-01,3.508677959799867685e-02,2.576159464862116098e-04,3.247257080403810376e-04,3.807038397991186504e-05
-6.112750728987722537e-01,-6.966149934646387321e-01,3.508677959799867685e-02,2.576159464862116098e-04,3.247257080403810376e-04,3.807038397991186504e-05
-6.112750728987722537e-01,-6.966149934646387321e-01,3.508677959799867685e-02,2.576159464862116098e-04,3.247257080403810376e-04,3.807038397991186504e-05
-6.112750728987722537e-01,-6.966149934646387321e-01,3.508677959799867685e-02,2.576159464862116098e-04,3.247257080403810376e-04,3.807038397991186504e-05
-6.112750728987722537e-01,-6.966149934646387321e-01,3.508677959799867685e-02,2.576159464862116098e-04,3.247257080403810376e-04,3.807038397991186504e-05
-6.112750728987722537e-01,-6.966149934646387321e-01,3.508677959799867685e-02,2.576159464862116098e-04,3.247257080403810376e-04,3.807038397991186504e-05
-6.112750728987722537e-01,-6.966149934646387321e-01,3.508677959799867685e-02,2.576159464862116098e-04,3.247257080403810376e-04,3.807038397991186504e-05
-6.112750728987722537e-01,-6.966149934646387321e-01,3.508677959799867685e-02,2.576159464862116098e-04,3.247257080403810376e-04,3.807038397991186504e-05
-6.095998294392689365e-01,-6.979032500481308077e-01,3.504605807180610072e-02,2.442862636509114042e-04,3.149243513971964519e-04,3.785708323895887773e-05
-6.095998294392689365e-01,-6.979032500481308077e-01,3.504605807180610072e-02,2.442862636509114042e-04,3.149243513971964519e-04,3.785708323895887773e-05
-6.095998294392689365e-01,-6.979032500481308077e-01,3.504605807180610072e-02,2.442862636509114042e-04,3.149243513971964519e-04,3.785708323895887773e-05
-6.095998294392689365e-01,-6.979032500481308077e-01,3.504605807180610072e-02,2.442862636509114042e-04,3.149243513971964519e-04,3.785708323895887773e-05
-6.095998294392689365e-01,-6.979032500481308077e-01,3.504605807180610072e-02,2.442862636509114042e-04,3.149243513971964519e-04,3.785708323895887773e-05
-6.095998294392689365e-01,-6.979032500481308077e-01,3.504605807180610072e-02,2.442862636509114042e-04,3.149243513971964519e-04,3.785708323895887773e-05
-6.095998294392689365e-01,-6.979032500481308077e-01,3.504605807180610072e-02,2.442862636509114042e-04,3.149243513971964519e-04,3.785708323895887773e-05
-6.095998294392689365e-01,-6.979032500481308077e-01,3.504605807180610072e-02,2.442862636509114042e-04,3.149243513971964519e-04,3.785708323895887773e-05
-6.095998294392689365e-01,-6.979032500481308077e-01,3.504605807180610072e-02,2.442862636509114042e-04,3.149243513971964519e-04,3.785708323895887773e-05
-6.095998294392689365e-01,-6.979032500481308077e-01,3.504605807180610072e-02,2.442862636509114042e-04,3.149243513971964519e-04,3.785708323895887773e-05
-6.095998294392689365e-01,-6.979032500481308077e-01,3.504605807180610072e-02,2.442862636509114042e-04,3.149243513971964519e-04,3.785708323895887773e-05
-6.095998294392689365e-01,-6.979032500481308077e-01,3.504605807180610072e-02,2.442862636509114042e-04,3.149243513971964519e-04,3.785708323895887773e-05
-6.095998294392689365e-01,-6.979032500481308077e-01,3.504605807180610072e-02,2.442862636509114042e-04,3.149243513971964519e-04,3.785708323895887773e-05
-6.095998294392689365e-01,-6.979032500481308077e-01,3.504605807180610072e-02,2.442862636509114042e-04,3.149243513971964519e-04,3.785708323895887773e-05
-6.095998294392689365e-01,-6.979032500481308077e-01,3.504605807180610072e-02,2.442862636509114042e-04,3.149243513971964519e-04,3.785708323895887773e-05
-6.080412603809467464e-01,-6.989399071832265165e-01,3.502193325444474120e-02,2.378861042624046509e-04,3.110721820325640092e-04,3.776823232003202871e-05
-6.080412603809467464e-01,-6.989399071832265165e-01,3.502193325444474120e-02,2.378861042624046509e-04,3.110721820325640092e-04,3.776823232003202871e-05
-6.080412603809467464e-01,-6.989399071832265165e-01,3.502193325444474120e-02,2.378861042624046509e-04,3.110721820325640092e-04,3.776823232003202871e-05
-6.080412603809467464e-01,-6.989399071832265165e-01,3.502193325444474120e-02,2.378861042624046509e-04,3.110721820325640092e-04,3.776823232003202871e-05
-6.080412603809467464e-01,-6.989399071832265165e-01,3.502193325444474120e-02,2.378861042624046509e-04,3.110721820325640092e-04,3.776823232003202871e-05
-6.080412603809467464e-01,-6.989399071832265165e-01,3.502193325444474120e-02,2.378861042624046509e-04,3.110721820325640092e-04,3.776823232003202871e-05
-6.080412603809467464e-01,-6.989399071832265165e-01,3.502193325444474120e-02,2.378861042624046509e-04,3.110721820325640092e-04,3.776823232003202871e-05
-6.080412603809467464e-01,-6.989399071832265165e-01,3.502193325444474120e-02,2.378861042624046509e-04,3.110721820325640092e-04,3.776823232003202871e-05
-6.080412603809467464e-01,-6.989399071832265165e-01,3.502193325444474120e-02,2.378861042624046509e-04,3.110721820325640092e-04,3.776823232003202871e-05
-6.080412603809467464e-01,-6.989399071832265165e-01,3.502193325444474120e-02,2.378861042624046509e-04,3.110721820325640092e-04,3.776823232003202871e-05
-6.080412603809467464e-01,-6.989399071832265165e-01,3.502193325444474120e-02,2.378861042624046509e-04,3.110721820325640092e-04,3.776823232003202871e-05
-6.080412603809467464e-01,-6.989399071832265165e-01,3.502193325444474120e-02,2.378861042624046509e-04,3.110721820325640092e-04,3.776823232003202871e-05
-6.080412603809467464e-01,-6.989399071832265165e-01,3.502193325444474120e-02,2.378861042624046509e-04,3.110721820325640092e-04,3.776823232003202871e-05
-6.080412603809467464e-01,-6.989399071832265165e-01,3.502193325444474120e-02,2.378861042624046509e-04,3.110721820325640092e-04,3.776823232003202871e-05
-6.080412603809467464e-01,-6.989399071832265165e-01,3.502193325444474120e-02,2.378861042624046509e-04,3.110721820325640092e-04,3.776823232003202871e-05
-6.075076670371382104e-01,-6.994117698944903871e-01,3.501174700697333442e-02,2.356908116644646043e-04,3.098288135787900604e-04,3.773947695965136585e-05
-6.075076670371382104e-01,-6.994117698944903871e-01,3.501174700697333442e-02,2.356908116644646043e-04,3.098288135787900604e-04,3.773947695965136585e-05
-6.075076670371382104e-01,-6.994117698944903871e-01,3.501174700697333442e-02,2.356908116644646043e-04,3.098288135787900604e-04,3.773947695965136585e-05
-6.075076670371382104e-01,-6.994117698944903871e-01,3.501174700697333442e-02,2.356908116644646043e-04,3.098288135787900604e-04,3.773947695965136585e-05
-6.075076670371382104e-01,-6.994117698944903871e-01,3.501174700697333442e-02,2.356908116644646043e-04,3.098288135787900604e-04,3.773947695965136585e-05
-6.075076670371382104e-01,-6.994117698944903871e-01,3.501174700697333442e-02,2.356908116644646043e-04,3.098288135787900604e-04,3.773947695965136585e-05
-6.075076670371382104e-01,-6.994117698944903871e-01,3.501174700697333442e-02,2.356908116644646043e-04,3.098288135787900604e-04,3.773947695965136585e-05
-6.075076670371382104e-01,-6.994117698944903871e-01,3.501174700697333442e-02,2.356908116644646043e-04,3.098288135787900604e-04,3.773947695965136585e-05
-6.075076670371382104e-01,-6.994117698944903871e-01,3.501174700697333442e-02,2.356908116644646043e-04,3.098288135787900604e-04,3.773947695965136585e-05
-6.075076670371382104e-01,-6.994117698944903871e-01,3.501174700697333442e-02,2.356908116644646043e-04,3.098288135787900604e-04,3.773947695965136585e-05
-6.075076670371382104e-01,-6.994117698944903871e-01,3.501174700697333442e-02,2.356908116644646043e-04,3.098288135787900604e-04,3.773947695965136585e-05
-6.075076670371382104e-01,-6.994117698944903871e-01,3.501174700697333442e-02,2.356908116644646043e-04,3.098288135787900604e-04,3.773947695965136585e-05
-6.075076670371382104e-01,-6.994117698944903871e-01,3.501174700697333442e-02,2.356908116644646043e-04,3.098288135787900604e-04,3.773947695965136585e-05
-6.075076670371382104e-01,-6.994117698944903871e-01,3.501174700697333442e-02,2.356908116644646043e-04,3.098288135787900604e-04,3.773947695965136585e-05
-6.075076670371382104e-01,-6.994117698944903871e-01,3.501174700697333442e-02,2.356908116644646043e-04,3.098288135787900604e-04,3.773947695965136585e-05
-6.076325444638212003e-01,-6.995518152206247064e-01,3.500815556384492128e-02,2.351944793266306719e-04,3.093783697510805748e-04,3.773172280799919921e-05
-6.076325444638212003e-01,-6.995518152206247064e-01,3.500815556384492128e-02,2.351944793266306719e-04,3.093783697510805748e-04,3.773172280799919921e-05
-6.076325444638212003e-01,-6.995518152206247064e-01,3.500815556384492128e-02,2.351944793266306719e-04,3.093783697510805748e-04,3.773172280799919921e-05
-6.076325444638212003e-01,-6.995518152206247064e-01,3.500815556384492128e-02,2.351944793266306719e-04,3.093783697510805748e-04,3.773172280799919921e-05
-6.076325444638212003e-01,-6.995518152206247064e-01,3.500815556384492128e-02,2.351944793266306719e-04,3.093783697510805748e-04,3.773172280799919921e-05
-6.076325444638212003e-01,-6.995518152206247064e-01,3.500815556384492128e-02,2.351944793266306719e-04,3.093783697510805748e-04,3.773172280799919921e-05
-6.076325444638212003e-01,-6.995518152206247064e-01,3.500815556384492128e-02,2.351944793266306719e-04,3.093783697510805748e-04,3.773172280799919921e-05
-6.076325444638212003e-01,-6.995518152206247064e-01,3.500815556384492128e-02,2.351944793266306719e-04,3.093783697510805748e-04,3.773172280799919921e-05
-6.076325444638212003e-01,-6.995518152206247064e-01,3.500815556384492128e-02,2.351944793266306719e-04,3.093783697510805748e-04,3.773172280799919921e-05
-6.076325444638212003e-01,-6.995518152206247064e-01,3.500815556384492128e-02,2.351944793266306719e-04,3.093783697510805748e-04,3.773172280799919921e-05
-6.076325444638212003e-01,-6.995518152206247064e-01,3.500815556384492128e-02,2.351944793266306719e-04,3.093783697510805748e-04,3.773172280799919921e-05
-6.076325444638212003e-01,-6.995518152206247064e-01,3.500815556384492128e-02,2.351944793266306719e-04,3.093783697510805748e-04,3.773172280799919921e-05
-6.076325444638212003e-01,-6.995518152206247064e-01,3.500815556384492128e-02,2.351944793266306719e-04,3.093783697510805748e-04,3.773172280799919921e-05
-6.076325444638212003e-01,-6.995518152206247064e-01,3.500815556384492128e-02,2.351944793266306719e-04,3.093783697510805748e-04,3.773172280799919921e-05
-6.076325444638212003e-01,-6.995518152206247064e-01,3.500815556384492128e-02,2.351944793266306719e-04,3.093783697510805748e-04,3.773172280799919921e-05
-6.079698865451838019e-01,-6.995852683052037335e-01,3.500660224189573039e-02,2.355455908142245654e-04,3.093965134647629804e-04,3.778232571741756769e-05
-6.079698865451838019e-01,-6.995852683052037335e-01,3.500660224189573039e-02,2.355455908142245654e-04,3.093965134647629804e-04,3.778232571741756769e-05
-6.079698865451838019e-01,-6.995852683052037335e-01,3.500660224189573039e-02,2.355455908142245654e-04,3.093965134647629804e-04,3.778232571741756769e-05
-6.079698865451838019e-01,-6.995852683052037335e-01,3.500660224189573039e-02,2.355455908142245654e-04,3.093965134647629804e-04,3.778232571741756769e-05
-6.079698865451838019e-01,-6.995852683052037335e-01,3.500660224189573039e-02,2.355455908142245654e-04,3.093965134647629804e-04,3.778232571741756769e-05
-6.079698865451838019e-01,-6.995852683052037335e-01,3.500660224189573039e-02,2.355455908142245654e-04,3.093965134647629804e-04,3.778232571741756769e-05
-6.079698865451838019e-01,-6.995852683052037335e-01,3.500660224189573039e-02,2.355455908142245654e-04,3.093965134647629804e-04,3.778232571741756769e-05
-6.079698865451838019e-01,-6.995852683052037335e-01,3.500660224189573039e-02,2.355455908142245654e-04,3.093965134647629804e-04,3.778232571741756769e-05
-6.079698865451838019e-01,-6.995852683052037335e-01,3.500660224189573039e-02,2.355455908142245654e-04,3.093965134647629804e-04,3.778232571741756769e-05
-6.079698865451838019e-01,-6.995852683052037335e-01,3.500660224189573039e-02,2.355455908142245654e-04,3.093965134647629804e-04,3.778232571741756769e-05
-6.079698865451838019e-01,-6.995852683052037335e-01,3.500660224189573039e-02,2.355455908142245654e-04,3.093965134647629804e-04,3.778232571741756769e-05
-6.079698865451838019e-01,-6.995852683052037335e-01,3.500660224189573039e-02,2.355455908142245654e-04,3.093965134647629804e-04,3.778232571741756769e-05
-6.079698865451838019e-01,-6.995852683052037335e-01,3.500660224189573039e-02,2.355455908142245654e-04,3.093965134647629804e-04,3.778232571741756769e-05
-6.079698865451838019e-01,-6.995852683052037335e-01,3.500660224189573039e-02,2.355455908142245654e-04,3.093965134647629804e-04,3.778232571741756769e-05
-6.079698865451838019e-01,-6.995852683052037335e-01,3.500660224189573039e-02,2.355455908142245654e-04,3.093965134647629804e-04,3.778232571741756769e-05
-6.084861068557959607e-01,-6.995389874642196082e-01,3.500621843046209519e-02,2.354672496919493275e-04,3.089399456956600648e-04,3.773866696132638121e-05
-6.084861068557959607e-01,-6.995389874642196082e-01,3.500621843046209519e-02,2.354672496919493275e-04,3.089399456956600648e-04,3.773866696132638121e-05
-6.084861068557959607e-01,-6.995389874642196082e-01,3.500621843046209519e-02,2.354672496919493275e-04,3.089399456956600648e-04,3.773866696132638121e-05
-6.084861068557959607e-01,-6.995389874642196082e-01,3.500621843046209519e-02,2.354672496919493275e-04,3.089399456956600648e-04,3.773866696132638121e-05
-6.084861068557959607e-01,-6.995389874642196082e-01,3.500621843046209519e-02,2.354672496919493275e-04,3.089399456956600648e-04,3.773866696132638121e-05
-6.084861068557959607e-01,-6.995389874642196082e-01,3.500621843046209519e-02,2.354672496919493275e-04,3.089399456956600648e-04,3.773866696132638121e-05
-6.084861068557959607e-01,-6.995389874642196082e-01,3.500621843046209519e-02,2.354672496919493275e-04,3.089399456956600648e-04,3.773866696132638121e-05
-6.084861068557959607e-01,-6.995389874642196082e-01,3.500621843046209519e-02,2.354672496919493275e-04,3.089399456956600648e-04,3.773866696132638121e-05
-6.084861068557959607e-01,-6.995389874642196082e-01,3.500621843046209519e-02,2.354672496919493275e-04,3.089399456956600648e-04,3.773866696132638121e-05
-6.084861068557959607e-01,-6.995389874642196082e-01,3.500621843046209519e-02,2.354672496919493275e-04,3.089399456956600648e-04,3.773866696132638121e-05
-6.084861068557959607e-01,-6.995389874642196082e-01,3.500621843046209519e-02,2.354672496919493275e-04,3.089399456956600648e-04,3.773866696132638121e-05
-6.084861068557959607e-01,-6.995389874642196082e-01,3.500621843046209519e-02,2.354672496919493275e-04,3.089399456956600648e-04,3.773866696132638121e-05
-6.084861068557959607e-01,-6.995389874642196082e-01,3.500621843046209519e-02,2.354672496919493275e-04,3.089399456956600648e-04,3.773866696132638121e-05
-6.084861068557959607e-01,-6.995389874642196082e-01,3.500621843046209519e-02,2.354672496919493275e-04,3.089399456956600648e-04,3.773866696132638121e-05
-6.084861068557959607e-01,-6.995389874642196082e-01,3.500621843046209519e-02,2.354672496919493275e-04,3.089399456956600648e-04,3.773866696132638121e-05
-6.089933017856997699e-01,-6.994931498832844818e-01,3.500569013101627325e-02,2.356366707154203288e-04,3.086750079986681425e-04,3.773087190105080875e-05
-6.089933017856997699e-01,-6.994931498832844818e-01,3.500569013101627325e-02,2.356366707154203288e-04,3.086750079986681425e-04,3.773087190105080875e-05
-6.089933017856997699e-01,-6.994931498832844818e-01,3.500569013101627325e-02,2.356366707154203288e-04,3.086750079986681425e-04,3.773087190105080875e-05
-6.089933017856997699e-01,-6.994931498832844818e-01,3.500569013101627325e-02,2.356366707154203288e-04,3.086750079986681425e-04,3.773087190105080875e-05
-6.089933017856997699e-01,-6.994931498832844818e-01,3.500569013101627325e-02,2.356366707154203288e-04,3.086750079986681425e-04,3.773087190105080875e-05
-6.089933017856997699e-01,-6.994931498832844818e-01,3.500569013101627325e-02,2.356366707154203288e-04,3.086750079986681425e-04,3.773087190105080875e-05
-6.089933017856997699e-01,-6.994931498832844818e-01,3.500569013101627325e-02,2.356366707154203288e-04,3.086750079986681425e-04,3.773087190105080875e-05
-6.089933017856997699e-01,-6.994931498832844818e-01,3.500569013101627325e-02,2.356366707154203288e-04,3.086750079986681425e-04,3.773087190105080875e-05
-6.089933017856997699e-01,-6.994931498832844818e-01,3.500569013101627325e-02,2.356366707154203288e-04,3.086750079986681425e-04,3.773087190105080875e-05
-6.089933017856997699e-01,-6.994931498832844818e-01,3.500569013101627325e-02,2.356366707154203288e-04,3.086750079986681425e-04,3.773087190105080875e-05
-6.089933017856997699e-01,-6.994931498832844818e-01,3.500569013101627325e-02,2.356366707154203288e-04,3.086750079986681425e-04,3.773087190105080875e-05
-6.089933017856997699e-01,-6.994931498832844818e-01,3.500569013101627325e-02,2.356366707154203288e-04,3.086750079986681425e-04,3.773087190105080875e-05
-6.089933017856997699e-01,-6.994931498832844818e-01,3.500569013101627325e-02,2.356366707154203288e-04,3.086750079986681425e-04,3.773087190105080875e-05
-6.089933017856997699e-01,-6.994931498832844818e-01,3.500569013101627325e-02,2.356366707154203288e-04,3.086750079986681425e-04,3.773087190105080875e-05
-6.089933017856997699e-01,-6.994931498832844818e-01,3.500569013101627325e-02,2.356366707154203288e-04,3.086750079986681425e-04,3.773087190105080875e-05
-6.094959718935534232e-01,-6.994496745526216364e-01,3.500519130882514401e-02,2.358494432544828122e-04,3.084473512301967243e-04,3.772965767355319455e-05
-6.094959718935534232e-01,-6.994496745526216364e-01,3.500519130882514401e-02,2.358494432544828122e-04,3.084473512301967243e-04,3.772965767355319455e-05
-6.094959718935534232e-01,-6.994496745526216364e-01,3.500519130882514401e-02,2.358494432544828122e-04,3.084473512301967243e-04,3.772965767355319455e-05
-6.094959718935534232e-01,-6.994496745526216364e-01,3.500519130882514401e-02,2.358494432544828122e-04,3.084473512301967243e-04,3.772965767355319455e-05
-6.094959718935534232e-01,-6.994496745526216364e-01,3.500519130882514401e-02,2.358494432544828122e-04,3.084473512301967243e-04,3.772965767355319455e-05
-6.094959718935534232e-01,-6.994496745526216364e-01,3.500519130882514401e-02,2.358494432544828122e-04,3.084473512301967243e-04,3.772965767355319455e-05
-6.094959718935534232e-01,-6.994496745526216364e-01,3.500519130882514401e-02,2.358494432544828122e-04,3.084473512301967243e-04,3.772965767355319455e-05
-6.094959718935534232e-01,-6.994496745526216364e-01,3.500519130882514401e-02,2.358494432544828122e-04,3.084473512301967243e-04,3.772965767355319455e-05
-6.094959718935534232e-01,-6.994496745526216364e-01,3.500519130882514401e-02,2.358494432544828122e-04,3.084473512301967243e-04,3.772965767355319455e-05
-6.094959718935534232e-01,-6.994496745526216364e-01,3.500519130882514401e-02,2.358494432544828122e-04,3.084473512301967243e-04,3.772965767355319455e-05
-6.094959718935534232e-01,-6.994496745526216364e-01,3.500519130882514401e-02,2.358494432544828122e-04,3.084473512301967243e-04,3.772965767355319455e-05
-6.094959718935534232e-01,-6.994496745526216364e-01,3.500519130882514401e-02,2.358494432544828122e-04,3.084473512301967243e-04,3.772965767355319455e-05
-6.094959718935534232e-01,-6.994496745526216364e-01,3.500519130882514401e-02,2.358494432544828122e-04,3.084473512301967243e-04,3.772965767355319455e-05
-6.094959718935534232e-01,-6.994496745526216364e-01,3.500519130882514401e-02,2.358494432544828122e-04,3.084473512301967243e-04,3.772965767355319455e-05
-6.094959718935534232e-01,-6.994496745526216364e-01,3.500519130882514401e-02,2.358494432544828122e-04,3.084473512301967243e-04,3.772965767355319455e-05
-6.099979809029317801e-01,-6.994063223831135101e-01,3.500468539697386416e-02,2.360691439897353563e-04,3.082256242677037985e-04,3.772949251659804564e-05
-6.099979809029317801e-01,-6.994063223831135101e-01,3.500468539697386416e-02,2.360691439897353563e-04,3.082256242677037985e-04,3.772949251659804564e-05
-6.099979809029317801e-01,-6.994063223831135101e-01,3.500468539697386416e-02,2.360691439897353563e-04,3.082256242677037985e-04,3.772949251659804564e-05
-6.099979809029317801e-01,-6.994063223831135101e-01,3.500468539697386416e-02,2.360691439897353563e-04,3.082256242677037985e-04,3.772949251659804564e-05
-6.099979809029317801e-01,-6.994063223831135101e-01,3.500468539697386416e-02,2.360691439897353563e-04,3.082256242677037985e-04,3.772949251659804564e-05
-6.099979809029317801e-01,-6.994063223831135101e-01,3.500468539697386416e-02,2.360691439897353563e-04,3.082256242677037985e-04,3.772949251659804564e-05
-6.099979809029317801e-01,-6.994063223831135101e-01,3.500468539697386416e-02,2.360691439897353563e-04,3.082256242677037985e-04,3.772949251659804564e-05
-6.099979809029317801e-01,-6.994063223831135101e-01,3.500468539697386416e-02,2.360691439897353563e-04,3.082256242677037985e-04,3.772949251659804564e-05
-6.099979809029317801e-01,-6.994063223831135101e-01,3.500468539697386416e-02,2.360691439897353563e-04,3.082256242677037985e-04,3.772949251659804564e-05
-6.099979809029317801e-01,-6.994063223831135101e-01,3.500468539697386416e-02,2.360691439897353563e-04,3.082256242677037985e-04,3.772949251659804564e-05
-6.099979809029317801e-01,-6.994063223831135101e-01,3.500468539697386416e-02,2.360691439897353563e-04,3.082256242677037985e-04,3.772949251659804564e-05
-6.099979809029317801e-01,-6.994063223831135101e-01,3.500468539697386416e-02,2.360691439897353563e-04,3.082256242677037985e-04,3.772949251659804564e-05
-6.099979809029317801e-01,-6.994063223831135101e-01,3.500468539697386416e-02,2.360691439897353563e-04,3.082256242677037985e-04,3.772949251659804564e-05
-6.099979809029317801e-01,-6.994063223831135101e-01,3.500468539697386416e-02,2.360691439897353563e-04,3.082256242677037985e-04,3.772949251659804564e-05
-6.099979809029317801e-01,-6.994063223831135101e-01,3.500468539697386416e-02,2.360691439897353563e-04,3.082256242677037985e-04,3.772949251659804564e-05
-6.104999654190005343e-01,-6.993627249251214151e-01,3.500416628699599270e-02,2.362898297666342958e-04,3.080046972437728778e-04,3.772947288851319619e-05
-6.104999654190005343e-01,-6.993627249251214151e-01,3.500416628699599270e-02,2.362898297666342958e-04,3.080046972437728778e-04,3.772947288851319619e-05
-6.104999654190005343e-01,-6.993627249251214151e-01,3.500416628699599270e-02,2.362898297666342958e-04,3.080046972437728778e-04,3.772947288851319619e-05
-6.104999654190005343e-01,-6.993627249251214151e-01,3.500416628699599270e-02,2.362898297666342958e-04,3.080046972437728778e-04,3.772947288851319619e-05
-6.104999654190005343e-01,-6.993627249251214151e-01,3.500416628699599270e-02,2.362898297666342958e-04,3.080046972437728778e-04,3.772947288851319619e-05
-6.104999654190005343e-01,-6.993627249251214151e-01,3.500416628699599270e-02,2.362898297666342958e-04,3.080046972437728778e-04,3.772947288851319619e-05
-6.104999654190005343e-01,-6.993627249251214151e-01,3.500416628699599270e-02,2.362898297666342958e-04,3.080046972437728778e-04,3.772947288851319619e-05
-6.104999654190005343e-01,-6.993627249251214151e-01,3.500416628699599270e-02,2.362898297666342958e-04,3.080046972437728778e-04,3.772947288851319619e-05
-6.104999654190005343e-01,-6.993627249251214151e-01,3.500416628699599270e-02,2.362898297666342958e-04,3.080046972437728778e-04,3.772947288851319619e-05
-6.104999654190005343e-01,-6.993627249251214151e-01,3.500416628699599270e-02,2.362898297666342958e-04,3.080046972437728778e-04,3.772947288851319619e-05
-6.104999654190005343e-01,-6.993627249251214151e-01,3.500416628699599270e-02,2.362898297666342958e-04,3.080046972437728778e-04,3.772947288851319619e-05
-6.104999654190005343e-01,-6.993627249251214151e-01,3.500416628699599270e-02,2.362898297666342958e-04,3.080046972437728778e-04,3.772947288851319619e-05
-6.104999654190005343e-01,-6.993627249251214151e-01,3.500416628699599270e-02,2.362898297666342958e-04,3.080046972437728778e-04,3.772947288851319619e-05
-6.104999654190005343e-01,-6.993627249251214151e-01,3.500416628699599270e-02,2.362898297666342958e-04,3.080046972437728778e-04,3.772947288851319619e-05
-6.104999654190005343e-01,-6.993627249251214151e-01,3.500416628699599270e-02,2.362898297666342958e-04,3.080046972437728778e-04,3.772947288851319619e-05
-6.110020162973620605e-01,-6.993188295076037120e-01,3.500363308928181733e-02,2.365106594747255851e-04,3.077838423595813432e-04,3.772947084909250765e-05
-6.110020162973620605e-01,-6.993188295076037120e-01,3.500363308928181733e-02,2.365106594747255851e-04,3.077838423595813432e-04,3.772947084909250765e-05
-6.110020162973620605e-01,-6.993188295076037120e-01,3.500363308928181733e-02,2.365106594747255851e-04,3.077838423595813432e-04,3.772947084909250765e-05
-6.110020162973620605e-01,-6.993188295076037120e-01,3.500363308928181733e-02,2.365106594747255851e-04,3.077838423595813432e-04,3.772947084909250765e-05
-6.110020162973620605e-01,-6.993188295076037120e-01,3.500363308928181733e-02,2.365106594747255851e-04,3.077838423595813432e-04,3.772947084909250765e-05
-6.110020162973620605e-01,-6.993188295076037120e-01,3.500363308928181733e-02,2.365106594747255851e-04,3.077838423595813432e-04,3.772947084909250765e-05
-6.110020162973620605e-01,-6.993188295076037120e-01,3.500363308928181733e-02,2.365106594747255851e-04,3.077838423595813432e-04,3.772947084909250765e-05
-6.110020162973620605e-01,-6.993188295076037120e-01,3.500363308928181733e-02,2.365106594747255851e-04,3.077838423595813432e-04,3.772947084909250765e-05
-6.110020162973620605e-01,-6.993188295076037120e-01,3.500363308928181733e-02,2.365106594747255851e-04,3.077838423595813432e-04,3.772947084909250765e-05
-6.110020162973620605e-01,-6.993188295076037120e-01,3.500363308928181733e-02,2.365106594747255851e-04,3.077838423595813432e-04,3.772947084909250765e-05
-6.110020162973620605e-01,-6.993188295076037120e-01,3.500363308928181733e-02,2.365106594747255851e-04,3.077838423595813432e-04,3.772947084909250765e-05
-6.110020162973620605e-01,-6.993188295076037120e-01,3.500363308928181733e-02,2.365106594747255851e-04,3.077838423595813432e-04,3.772947084909250765e-05
-6.110020162973620605e-01,-6.993188295076037120e-01,3.500363308928181733e-02,2.365106594747255851e-04,3.077838423595813432e-04,3.772947084909250765e-05
-6.110020162973620605e-01,-6.993188295076037120e-01,3.500363308928181733e-02,2.365106594747255851e-04,3.077838423595813432e-04,3.772947084909250765e-05
-6.110020162973620605e-01,-6.993188295076037120e-01,3.500363308928181733e-02,2.365106594747255851e-04,3.077838423595813432e-04,3.772947084909250765e-05
-6.115041444684884420e-01,-6.992746297048378912e-01,3.500308569163453065e-02,2.370913075628042015e-04,3.072031919548200737e-04,3.772947066366989398e-05
-6.115041444684884420e-01,-6.992746297048378912e-01,3.500308569163453065e-02,2.370913075628042015e-04,3.072031919548200737e-04,3.772947066366989398e-05
-6.115041444684884420e-01,-6.992746297048378912e-01,3.500308569163453065e-02,2.370913075628042015e-04,3.072031919548200737e-04,3.772947066366989398e-05
-6.115041444684884420e-01,-6.992746297048378912e-01,3.500308569163453065e-02,2.370913075628042015e-04,3.072031919548200737e-04,3.772947066366989398e-05
-6.115041444684884420e-01,-6.992746297048378912e-01,3.500308569163453065e-02,2.370913075628042015e-04,3.072031919548200737e-04,3.772947066366989398e-05
-6.115041444684884420e-01,-6.992746297048378912e-01,3.500308569163453065e-02,2.370913075628042015e-04,3.072031919548200737e-04,3.772947066366989398e-05
-6.115041444684884420e-01,-6.992746297048378912e-01,3.500308569163453065e-02,2.370913075628042015e-04,3.072031919548200737e-04,3.772947066366989398e-05
-6.115041444684884420e-01,-6.992746297048378912e-01,3.500308569163453065e-02,2.370913075628042015e-04,3.072031919548200737e-04,3.772947066366989398e-05
-6.115041444684884420e-01,-6.992746297048378912e-01,3.500308569163453065e-02,2.370913075628042015e-04,3.072031919548200737e-04,3.772947066366989398e-05
-6.115041444684884420e-01,-6.992746297048378912e-01,3.500308569163453065e-02,2.370913075628042015e-04,3.072031919548200737e-04,3.772947066366989398e-05
-6.115041444684884420e-01,-6.992746297048378912e-01,3.500308569163453065e-02,2.370913075628042015e-04,3.072031919548200737e-04,3.772947066366989398e-05
-6.115041444684884420e-01,-6.992746297048378912e-01,3.500308569163453065e-02,2.370913075628042015e-04,3.072031919548200737e-04,3.772947066366989398e-05
-6.115041444684884420e-01,-6.992746297048378912e-01,3.500308569163453065e-02,2.370913075628042015e-04,3.072031919548200737e-04,3.772947066366989398e-05
-6.115041444684884420e-01,-6.992746297048378912e-01,3.500308569163453065e-02,2.370913075628042015e-04,3.072031919548200737e-04,3.772947066366989398e-05
-6.115041444684884420e-01,-6.992746297048378912e-01,3.500308569163453065e-02,2.370913075628042015e-04,3.072031919548200737e-04,3.772947066366989398e-05
-6.120063511546920410e-01,-6.992301245846509472e-01,3.500252407411789252e-02,2.370913074565115142e-04,3.072031918692717518e-04,3.772947064888853208e-05
-6.120063511546920410e-01,-6.992301245846509472e-01,3.500252407411789252e-02,2.370913074565115142e-04,3.072031918692717518e-04,3.772947064888853208e-05
-6.120063511546920410e-01,-6.992301245846509472e-01,3.500252407411789252e-02,2.370913074565115142e-04,3.072031918692717518e-04,3.772947064888853208e-05
-6.120063511546920410e-01,-6.992301245846509472e-01,3.500252407411789252e-02,2.370913074565115142e-04,3.072031918692717518e-04,3.772947064888853208e-05
-6.120063511546920410e-01,-6.992301245846509472e-01,3.500252407411789252e-02,2.370913074565115142e-04,3.072031918692717518e-04,3.772947064888853208e-05
-6.120063511546920410e-01,-6.992301245846509472e-01,3.500252407411789252e-02,2.370913074565115142e-04,3.072031918692717518e-04,3.772947064888853208e-05
-6.120063511546920410e-01,-6.992301245846509472e-01,3.500252407411789252e-02,2.370913074565115142e-04,3.072031918692717518e-04,3.772947064888853208e-05
-6.120063511546920410e-01,-6.992301245846509472e-01,3.500252407411789252e-02,2.370913074565115142e-04,3.072031918692717518e-04,3.772947064888853208e-05
-6.120063511546920410e-01,-6.992301245846509472e-01,3.500252407411789252e-02,2.370913074565115142e-04,3.072031918692717518e-04,3.772947064888853208e-05
-6.120063511546920410e-01,-6.992301245846509472e-01,3.500252407411789252e-02,2.370913074565115142e-04,3.072031918692717518e-04,3.772947064888853208e-05
-6.120063511546920410e-01,-6.992301245846509472e-01,3.500252407411789252e-02,2.370913074565115142e-04,3.072031918692717518e-04,3.772947064888853208e-05
-6.120063511546920410e-01,-6.992301245846509472e-01,3.500252407411789252e-02,2.370913074565115142e-04,3.072031918692717518e-04,3.772947064888853208e-05
-6.120063511546920410e-01,-6.992301245846509472e-01,3.500252407411789252e-02,2.370913074565115142e-04,3.072031918692717518e-04,3.772947064888853208e-05
-6.120063511546920410e-01,-6.992301245846509472e-01,3.500252407411789252e-02,2.370913074565115142e-04,3.072031918692717518e-04,3.772947064888853208e-05
-6.120063511546920410e-01,-6.992301245846509472e-01,3.500252407411789252e-02,2.370913074565115142e-04,3.072031918692717518e-04,3.772947064888853208e-05
-6.125086362503598947e-01,-6.991853140463866190e-01,3.500194823225617757e-02,2.370913074479059576e-04,3.072031918624936993e-04,3.772947064784842983e-05
-6.125086362503598947e-01,-6.991853140463866190e-01,3.500194823225617757e-02,2.370913074479059576e-04,3.072031918624936993e-04,3.772947064784842983e-05
-6.125086362503598947e-01,-6.991853140463866190e-01,3.500194823225617757e-02,2.370913074479059576e-04,3.072031918624936993e-04,3.772947064784842983e-05
-6.125086362503598947e-01,-6.991853140463866190e-01,3.500194823225617757e-02,2.370913074479059576e-04,3.072031918624936993e-04,3.772947064784842983e-05
-6.125086362503598947e-01,-6.991853140463866190e-01,3.500194823225617757e-02,2.370913074479059576e-04,3.072031918624936993e-04,3.772947064784842983e-05
-6.125086362503598947e-01,-6.991853140463866190e-01,3.500194823225617757e-02,2.370913074479059576e-04,3.072031918624936993e-04,3.772947064784842983e-05
-6.125086362503598947e-01,-6.991853140463866190e-01,3.500194823225617757e-02,2.370913074479059576e-04,3.072031918624936993e-04,3.772947064784842983e-05
-6.125086362503598947e-01,-6.991853140463866190e-01,3.500194823225617757e-02,2.370913074479059576e-04,3.072031918624936993e-04,3.772947064784842983e-05
-6.125086362503598947e-01,-6.991853140463866190e-01,3.500194823225617757e-02,2.370913074479059576e-04,3.072031918624936993e-04,3.772947064784842983e-05
-6.125086362503598947e-01,-6.991853140463866190e-01,3.500194823225617757e-02,2.370913074479059576e-04,3.072031918624936993e-04,3.772947064784842983e-05
-6.125086362503598947e-01,-6.991853140463866190e-01,3.500194823225617757e-02,2.370913074479059576e-04,3.072031918624936993e-04,3.772947064784842983e-05
-6.125086362503598947e-01,-6.991853140463866190e-01,3.500194823225617757e-02,2.370913074479059576e-04,3.072031918624936993e-04,3.772947064784842983e-05
-6.125086362503598947e-01,-6.991853140463866190e-01,3.500194823225617757e-02,2.370913074479059576e-04,3.072031918624936993e-04,3.772947064784842983e-05
-6.125086362503598947e-01,-6.991853140463866190e-01,3.500194823225617757e-02,2.370913074479059576e-04,3.072031918624936993e-04,3.772947064784842983e-05
-6.125086362503598947e-01,-6.991853140463866190e-01,3.500194823225617757e-02,2.370913074479059576e-04,3.072031918624936993e-04,3.772947064784842983e-05
-6.130109995893998631e-01,-6.991401980109485104e-01,3.500135816182907422e-02,2.370913074470595210e-04,3.072031918618624226e-04,3.772947064778200889e-05
-6.130109995893998631e-01,-6.991401980109485104e-01,3.500135816182907422e-02,2.370913074470595210e-04,3.072031918618624226e-04,3.772947064778200889e-05
-6.130109995893998631e-01,-6.991401980109485104e-01,3.500135816182907422e-02,2.370913074470595210e-04,3.072031918618624226e-04,3.772947064778200889e-05
-6.130109995893998631e-01,-6.991401980109485104e-01,3.500135816182907422e-02,2.370913074470595210e-04,3.072031918618624226e-04,3.772947064778200889e-05
-6.130109995893998631e-01,-6.991401980109485104e-01,3.500135816182907422e-02,2.370913074470595210e-04,3.072031918618624226e-04,3.772947064778200889e-05
-6.130109995893998631e-01,-6.991401980109485104e-01,3.500135816182907422e-02,2.370913074470595210e-04,3.072031918618624226e-04,3.772947064778200889e-05
-6.130109995893998631e-01,-6.991401980109485104e-01,3.500135816182907422e-02,2.370913074470595210e-04,3.072031918618624226e-04,3.772947064778200889e-05
-6.130109995893998631e-01,-6.991401980109485104e-01,3.500135816182907422e-02,2.370913074470595210e-04,3.072031918618624226e-04,3.772947064778200889e-05
-6.130109995893998631e-01,-6.991401980109485104e-01,3.500135816182907422e-02,2.370913074470595210e-04,3.072031918618624226e-04,3.772947064778200889e-05
-6.130109995893998631e-01,-6.991401980109485104e-01,3.500135816182907422e-02,2.370913074470595210e-04,3.072031918618624226e-04,3.772947064778200889e-05
-6.130109995893998631e-01,-6.991401980109485104e-01,3.500135816182907422e-02,2.370913074470595210e-04,3.072031918618624226e-04,3.772947064778200889e-05
-6.130109995893998631e-01,-6.991401980109485104e-01,3.500135816182907422e-02,2.370913074470595210e-04,3.072031918618624226e-04,3.772947064778200889e-05
-6.130109995893998631e-01,-6.991401980109485104e-01,3.500135816182907422e-02,2.370913074470595210e-04,3.072031918618624226e-04,3.772947064778200889e-05
-6.130109995893998631e-01,-6.991401980109485104e-01,3.500135816182907422e-02,2.370913074470595210e-04,3.072031918618624226e-04,3.772947064778200889e-05
-6.130109995893998631e-01,-6.991401980109485104e-01,3.500135816182907422e-02,2.370913074470595210e-04,3.072031918618624226e-04,3.772947064778200889e-05
-6.135134410006160000e-01,-6.990947764011341548e-01,3.500075385865206168e-02,2.376152914262893176e-04,3.066792078824096598e-04,3.772947064777767886e-05
-6.135134410006160000e-01,-6.990947764011341548e-01,3.500075385865206168e-02,2.376152914262893176e-04,3.066792078824096598e-04,3.772947064777767886e-05
-6.135134410006160000e-01,-6.990947764011341548e-01,3.500075385865206168e-02,2.376152914262893176e-04,3.066792078824096598e-04,3.772947064777767886e-05
-6.135134410006160000e-01,-6.990947764011341548e-01,3.500075385865206168e-02,2.376152914262893176e-04,3.066792078824096598e-04,3.772947064777767886e-05
-6.135134410006160000e-01,-6.990947764011341548e-01,3.500075385865206168e-02,2.376152914262893176e-04,3.066792078824096598e-04,3.772947064777767886e-05
-6.135134410006160000e-01,-6.990947764011341548e-01,3.500075385865206168e-02,2.376152914262893176e-04,3.066792078824096598e-04,3.772947064777767886e-05
-6.135134410006160000e-01,-6.990947764011341548e-01,3.500075385865206168e-02,2.376152914262893176e-04,3.066792078824096598e-04,3.772947064777767886e-05
-6.135134410006160000e-01,-6.990947764011341548e-01,3.500075385865206168e-02,2.376152914262893176e-04,3.066792078824096598e-04,3.772947064777767886e-05
-6.135134410006160000e-01,-6.990947764011341548e-01,3.500075385865206168e-02,2.376152914262893176e-04,3.066792078824096598e-04,3.772947064777767886e-05
-6.135134410006160000e-01,-6.990947764011341548e-01,3.500075385865206168e-02,2.376152914262893176e-04,3.066792078824096598e-04,3.772947064777767886e-05
-6.135134410006160000e-01,-6.990947764011341548e-01,3.500075385865206168e-02,2.376152914262893176e-04,3.066792078824096598e-04,3.772947064777767886e-05
-6.135134410006160000e-01,-6.990947764011341548e-01,3.500075385865206168e-02,2.376152914262893176e-04,3.066792078824096598e-04,3.772947064777767886e-05
-6.135134410006160000e-01,-6.990947764011341548e-01,3.500075385865206168e-02,2.376152914262893176e-04,3.066792078824096598e-04,3.772947064777767886e-05
-6.135134410006160000e-01,-6.990947764011341548e-01,3.500075385865206168e-02,2.376152914262893176e-04,3.066792078824096598e-04,3.772947064777767886e-05
-6.135134410006160000e-01,-6.990947764011341548e-01,3.500075385865206168e-02,2.376152914262893176e-04,3.066792078824096598e-04,3.772947064777767886e-05
-6.140159603123828136e-01,-6.990490491399692363e-01,3.500013531855021565e-02,2.378363005530657296e-04,3.064581987555855700e-04,3.772947064777727906e-05
-6.140159603123828136e-01,-6.990490491399692363e-01,3.500013531855021565e-02,2.378363005530657296e-04,3.064581987555855700e-04,3.772947064777727906e-05
-6.140159603123828136e-01,-6.990490491399692363e-01,3.500013531855021565e-02,2.378363005530657296e-04,3.064581987555855700e-04,3.772947064777727906e-05
-6.140159603123828136e-01,-6.990490491399692363e-01,3.500013531855021565e-02,2.378363005530657296e-04,3.064581987555855700e-04,3.772947064777727906e-05
-6.140159603123828136e-01,-6.990490491399692363e-01,3.500013531855021565e-02,2.378363005530657296e-04,3.064581987555855700e-04,3.772947064777727906e-05
-6.140159603123828136e-01,-6.990490491399692363e-01,3.500013531855021565e-02,2.378363005530657296e-04,3.064581987555855700e-04,3.772947064777727906e-05
-6.140159603123828136e-01,-6.990490491399692363e-01,3.500013531855021565e-02,2.378363005530657296e-04,3.064581987555855700e-04,3.772947064777727906e-05
-6.140159603123828136e-01,-6.990490491399692363e-01,3.500013531855021565e-02,2.378363005530657296e-04,3.064581987555855700e-04,3.772947064777727906e-05
-6.140159603123828136e-01,-6.990490491399692363e-01,3.500013531855021565e-02,2.378363005530657296e-04,3.064581987555855700e-04,3.772947064777727906e-05
-6.140159603123828136e-01,-6.990490491399692363e-01,3.500013531855021565e-02,2.378363005530657296e-04,3.064581987555855700e-04,3.772947064777727906e-05
-6.140159603123828136e-01,-6.990490491399692363e-01,3.500013531855021565e-02,2.378363005530657296e-04,3.064581987555855700e-04,3.772947064777727906e-05
-6.140159603123828136e-01,-6.990490491399692363e-01,3.500013531855021565e-02,2.378363005530657296e-04,3.064581987555855700e-04,3.772947064777727906e-05
-6.140159603123828136e-01,-6.990490491399692363e-01,3.500013531855021565e-02,2.378363005530657296e-04,3.064581987555855700e-04,3.772947064777727906e-05
-6.140159603123828136e-01,-6.990490491399692363e-01,3.500013531855021565e-02,2.378363005530657296e-04,3.064581987555855700e-04,3.772947064777727906e-05
-6.140159603123828136e-01,-6.990490491399692363e-01,3.500013531855021565e-02,2.378363005530657296e-04,3.064581987555855700e-04,3.772947064777727906e-05
-6.145185573529945433e-01,-6.990030161505831341e-01,3.499950253735364253e-02,2.380573368043213721e-04,3.062371625043177844e-04,3.772947064777720452e-05
-6.145185573529945433e-01,-6.990030161505831341e-01,3.499950253735364253e-02,2.380573368043213721e-04,3.062371625043177844e-04,3.772947064777720452e-05
-6.145185573529945433e-01,-6.990030161505831341e-01,3.499950253735364253e-02,2.380573368043213721e-04,3.062371625043177844e-04,3.772947064777720452e-05
-6.145185573529945433e-01,-6.990030161505831341e-01,3.499950253735364253e-02,2.380573368043213721e-04,3.062371625043177844e-04,3.772947064777720452e-05
-6.145185573529945433e-01,-6.990030161505831341e-01,3.499950253735364253e-02,2.380573368043213721e-04,3.062371625043177844e-04,3.772947064777720452e-05
-6.145185573529945433e-01,-6.990030161505831341e-01,3.499950253735364253e-02,2.380573368043213721e-04,3.062371625043177844e-04,3.772947064777720452e-05
-6.145185573529945433e-01,-6.990030161505831341e-01,3.499950253735364253e-02,2.380573368043213721e-04,3.062371625043177844e-04,3.772947064777720452e-05
-6.145185573529945433e-01,-6.990030161505831341e-01,3.499950253735364253e-02,2.380573368043213721e-04,3.062371625043177844e-04,3.772947064777720452e-05
-6.145185573529945433e-01,-6.990030161505831341e-01,3.499950253735364253e-02,2.380573368043213721e-04,3.062371625043177844e-04,3.772947064777720452e-05
-6.145185573529945433e-01,-6.990030161505831341e-01,3.499950253735364253e-02,2.380573368043213721e-04,3.062371625043177844e-04,3.772947064777720452e-05
-6.145185573529945433e-01,-6.990030161505831341e-01,3.499950253735364253e-02,2.380573368043213721e-04,3.062371625043177844e-04,3.772947064777720452e-05
-6.145185573529945433e-01,-6.990030161505831341e-01,3.499950253735364253e-02,2.380573368043213721e-04,3.062371625043177844e-04,3.772947064777720452e-05
-6.145185573529945433e-01,-6.990030161505831341e-01,3.499950253735364253e-02,2.380573368043213721e-04,3.062371625043177844e-04,3.772947064777720452e-05
-6.145185573529945433e-01,-6.990030161505831341e-01,3.499950253735364253e-02,2.380573368043213721e-04,3.062371625043177844e-04,3.772947064777720452e-05
-6.145185573529945433e-01,-6.990030161505831341e-01,3.499950253735364253e-02,2.380573368043213721e-04,3.062371625043177844e-04,3.772947064777720452e-05
-6.150212319506903613e-01,-6.989566773561984858e-01,3.499885551089571695e-02,2.382784000251669332e-04,3.060160992834681033e-04,3.772947064777719775e-05
-6.150212319506903613e-01,-6.989566773561984858e-01,3.499885551089571695e-02,2.382784000251669332e-04,3.060160992834681033e-04,3.772947064777719775e-05
-6.150212319506903613e-01,-6.989566773561984858e-01,3.499885551089571695e-02,2.382784000251669332e-04,3.060160992834681033e-04,3.772947064777719775e-05
-6.150212319506903613e-01,-6.989566773561984858e-01,3.499885551089571695e-02,2.382784000251669332e-04,3.060160992834681033e-04,3.772947064777719775e-05
-6.150212319506903613e-01,-6.989566773561984858e-01,3.499885551089571695e-02,2.382784000251669332e-04,3.060160992834681033e-04,3.772947064777719775e-05
-6.150212319506903613e-01,-6.989566773561984858e-01,3.499885551089571695e-02,2.382784000251669332e-04,3.060160992834681033e-04,3.772947064777719775e-05
-6.150212319506903613e-01,-6.989566773561984858e-01,3.499885551089571695e-02,2.382784000251669332e-04,3.060160992834681033e-04,3.772947064777719775e-05
-6.150212319506903613e-01,-6.989566773561984858e-01,3.499885551089571695e-02,2.382784000251669332e-04,3.060160992834681033e-04,3.772947064777719775e-05
-6.150212319506903613e-01,-6.989566773561984858e-01,3.499885551089571695e-02,2.382784000251669332e-04,3.060160992834681033e-04,3.772947064777719775e-05
-6.150212319506903613e-01,-6.989566773561984858e-01,3.499885551089571695e-02,2.382784000251669332e-04,3.060160992834681033e-04,3.772947064777719775e-05
-6.150212319506903613e-01,-6.989566773561984858e-01,3.499885551089571695e-02,2.382784000251669332e-04,3.060160992834681033e-04,3.772947064777719775e-05
-6.150212319506903613e-01,-6.989566773561984858e-01,3.499885551089571695e-02,2.382784000251669332e-04,3.060160992834681033e-04,3.772947064777719775e-05
-6.150212319506903613e-01,-6.989566773561984858e-01,3.499885551089571695e-02,2.382784000251669332e-04,3.060160992834681033e-04,3.772947064777719775e-05
-6.150212319506903613e-01,-6.989566773561984858e-01,3.499885551089571695e-02,2.382784000251669332e-04,3.060160992834681033e-04,3.772947064777719775e-05
-6.150212319506903613e-01,-6.989566773561984858e-01,3.499885551089571695e-02,2.382784000251669332e-04,3.060160992834681033e-04,3.772947064777719775e-05
-6.155239839336571483e-01,-6.989100326801286345e-01,3.499819423501696058e-02,2.384994900606988977e-04,3.057950092479356239e-04,3.772947064777719097e-05
-6.155239839336571483e-01,-6.989100326801286345e-01,3.499819423501696058e-02,2.384994900606988977e-04,3.057950092479356239e-04,3.772947064777719097e-05
-6.155239839336571483e-01,-6.989100326801286345e-01,3.499819423501696058e-02,2.384994900606988977e-04,3.057950092479356239e-04,3.772947064777719097e-05
-6.155239839336571483e-01,-6.989100326801286345e-01,3.499819423501696058e-02,2.384994900606988977e-04,3.057950092479356239e-04,3.772947064777719097e-05
-6.155239839336571483e-01,-6.989100326801286345e-01,3.499819423501696058e-02,2.384994900606988977e-04,3.057950092479356239e-04,3.772947064777719097e-05
-6.155239839336571483e-01,-6.989100326801286345e-01,3.499819423501696058e-02,2.384994900606988977e-04,3.057950092479356239e-04,3.772947064777719097e-05
-6.155239839336571483e-01,-6.989100326801286345e-01,3.499819423501696058e-02,2.384994900606988977e-04,3.057950092479356239e-04,3.772947064777719097e-05
-6.155239839336571483e-01,-6.989100326801286345e-01,3.499819423501696058e-02,2.384994900606988977e-04,3.057950092479356239e-04,3.772947064777719097e-05
-6.155239839336571483e-01,-6.989100326801286345e-01,3.499819423501696058e-02,2.384994900606988977e-04,3.057950092479356239e-04,3.772947064777719097e-05
-6.155239839336571483e-01,-6.989100326801286345e-01,3.499819423501696058e-02,2.384994900606988977e-04,3.057950092479356239e-04,3.772947064777719097e-05
-6.155239839336571483e-01,-6.989100326801286345e-01,3.499819423501696058e-02,2.384994900606988977e-04,3.057950092479356239e-04,3.772947064777719097e-05
-6.155239839336571483e-01,-6.989100326801286345e-01,3.499819423501696058e-02,2.384994900606988977e-04,3.057950092479356239e-04,3.772947064777719097e-05
-6.155239839336571483e-01,-6.989100326801286345e-01,3.499819423501696058e-02,2.384994900606988977e-04,3.057950092479356239e-04,3.772947064777719097e-05
-6.155239839336571483e-01,-6.989100326801286345e-01,3.499819423501696058e-02,2.384994900606988977e-04,3.057950092479356239e-04,3.772947064777719097e-05
-6.155239839336571483e-01,-6.989100326801286345e-01,3.499819423501696058e-02,2.384994900606988977e-04,3.057950092479356239e-04,3.772947064777719097e-05
-6.160268131300293826e-01,-6.988630820457797377e-01,3.499751870555899841e-02,2.387206067559866454e-04,3.055738925526482286e-04,3.772947064777719097e-05
-6.160268131300293826e-01,-6.988630820457797377e-01,3.499751870555899841e-02,2.387206067559866454e-04,3.055738925526482286e-04,3.772947064777719097e-05
-6.160268131300293826e-01,-6.988630820457797377e-01,3.499751870555899841e-02,2.387206067559866454e-04,3.055738925526482286e-04,3.772947064777719097e-05
-6.160268131300293826e-01,-6.988630820457797377e-01,3.499751870555899841e-02,2.387206067559866454e-04,3.055738925526482286e-04,3.772947064777719097e-05
-6.160268131300293826e-01,-6.988630820457797377e-01,3.499751870555899841e-02,2.387206067559866454e-04,3.055738925526482286e-04,3.772947064777719097e-05
-6.160268131300293826e-01,-6.988630820457797377e-01,3.499751870555899841e-02,2.387206067559866454e-04,3.055738925526482286e-04,3.772947064777719097e-05
-6.160268131300293826e-01,-6.988630820457797377e-01,3.499751870555899841e-02,2.387206067559866454e-04,3.055738925526482286e-04,3.772947064777719097e-05
-6.160268131300293826e-01,-6.988630820457797377e-01,3.499751870555899841e-02,2.387206067559866454e-04,3.055738925526482286e-04,3.772947064777719097e-05
-6.160268131300293826e-01,-6.988630820457797377e-01,3.499751870555899841e-02,2.387206067559866454e-04,3.055738925526482286e-04,3.772947064777719097e-05
-6.160268131300293826e-01,-6.988630820457797377e-01,3.499751870555899841e-02,2.387206067559866454e-04,3.055738925526482286e-04,3.772947064777719097e-05
-6.160268131300293826e-01,-6.988630820457797377e-01,3.499751870555899841e-02,2.387206067559866454e-04,3.055738925526482286e-04,3.772947064777719097e-05
-6.160268131300293826e-01,-6.988630820457797377e-01,3.499751870555899841e-02,2.387206067559866454e-04,3.055738925526482286e-04,3.772947064777719097e-05
-6.160268131300293826e-01,-6.988630820457797377e-01,3.499751870555899841e-02,2.387206067559866454e-04,3.055738925526482286e-04,3.772947064777719097e-05
-6.160268131300293826e-01,-6.988630820457797377e-01,3.499751870555899841e-02,2.387206067559866454e-04,3.055738925526482286e-04,3.772947064777719097e-05
-6.160268131300293826e-01,-6.988630820457797377e-01,3.499751870555899841e-02,2.387206067559866454e-04,3.055738925526482286e-04,3.772947064777719097e-05
-6.165297193678884735e-01,-6.988158253766492134e-01,3.499682891837071347e-02,2.389417499560719360e-04,3.053527493525631277e-04,3.772947064777719097e-05
-6.165297193678884735e-01,-6.988158253766492134e-01,3.499682891837071347e-02,2.389417499560719360e-04,3.053527493525631277e-04,3.772947064777719097e-05
-6.165297193678884735e-01,-6.988158253766492134e-01,3.499682891837071347e-02,2.389417499560719360e-04,3.053527493525631277e-04,3.772947064777719097e-05
-6.165297193678884735e-01,-6.988158253766492134e-01,3.499682891837071347e-02,2.389417499560719360e-04,3.053527493525631277e-04,3.772947064777719097e-05
-6.165297193678884735e-01,-6.988158253766492134e-01,3.499682891837071347e-02,2.389417499560719360e-04,3.053527493525631277e-04,3.772947064777719097e-05
-6.165297193678884735e-01,-6.988158253766492134e-01,3.499682891837071347e-02,2.389417499560719360e-04,3.053527493525631277e-04,3.772947064777719097e-05
-6.165297193678884735e-01,-6.988158253766492134e-01,3.499682891837071347e-02,2.389417499560719360e-04,3.053527493525631277e-04,3.772947064777719097e-05
-6.165297193678884735e-01,-6.988158253766492134e-01,3.499682891837071347e-02,2.389417499560719360e-04,3.053527493525631277e-04,3.772947064777719097e-05
-6.165297193678884735e-01,-6.988158253766492134e-01,3.499682891837071347e-02,2.389417499560719360e-04,3.053527493525631277e-04,3.772947064777719097e-05
-6.165297193678884735e-01,-6.988158253766492134e-01,3.499682891837071347e-02,2.389417499560719360e-04,3.053527493525631277e-04,3.772947064777719097e-05
-6.165297193678884735e-01,-6.988158253766492134e-01,3.499682891837071347e-02,2.389417499560719360e-04,3.053527493525631277e-04,3.772947064777719097e-05
-6.165297193678884735e-01,-6.988158253766492134e-01,3.499682891837071347e-02,2.389417499560719360e-04,3.053527493525631277e-04,3.772947064777719097e-05
-6.165297193678884735e-01,-6.988158253766492134e-01,3.499682891837071347e-02,2.389417499560719360e-04,3.053527493525631277e-04,3.772947064777719097e-05
-6.165297193678884735e-01,-6.988158253766492134e-01,3.499682891837071347e-02,2.389417499560719360e-04,3.053527493525631277e-04,3.772947064777719097e-05
-6.165297193678884735e-01,-6.988158253766492134e-01,3.499682891837071347e-02,2.389417499560719360e-04,3.053527493525631277e-04,3.772947064777719097e-05
-6.170327024752640943e-01,-6.987682625963262950e-01,3.499612486930170352e-02,2.391629195059694513e-04,3.051315798026670218e-04,3.772947064777719097e-05
-6.170327024752640943e-01,-6.987682625963262950e-01,3.499612486930170352e-02,2.391629195059694513e-04,3.051315798026670218e-04,3.772947064777719097e-05
-6.170327024752640943e-01,-6.987682625963262950e-01,3.499612486930170352e-02,2.391629195059694513e-04,3.051315798026670218e-04,3.772947064777719097e-05
-6.170327024752640943e-01,-6.987682625963262950e-01,3.499612486930170352e-02,2.391629195059694513e-04,3.051315798026670218e-04,3.772947064777719097e-05
-6.170327024752640943e-01,-6.987682625963262950e-01,3.499612486930170352e-02,2.391629195059694513e-04,3.051315798026670218e-04,3.772947064777719097e-05
-6.170327024752640943e-01,-6.987682625963262950e-01,3.499612486930170352e-02,2.391629195059694513e-04,3.051315798026670218e-04,3.772947064777719097e-05
-6.170327024752640943e-01,-6.987682625963262950e-01,3.499612486930170352e-02,2.391629195059694513e-04,3.051315798026670218e-04,3.772947064777719097e-05
-6.170327024752640943e-01,-6.987682625963262950e-01,3.499612486930170352e-02,2.391629195059694513e-04,3.051315798026670218e-04,3.772947064777719097e-05
-6.170327024752640943e-01,-6.987682625963262950e-01,3.499612486930170352e-02,2.391629195059694513e-04,3.051315798026670218e-04,3.772947064777719097e-05
-6.170327024752640943e-01,-6.987682625963262950e-01,3.499612486930170352e-02,2.391629195059694513e-04,3.051315798026670218e-04,3.772947064777719097e-05
-6.170327024752640943e-01,-6.987682625963262950e-01,3.499612486930170352e-02,2.391629195059694513e-04,3.051315798026670218e-04,3.772947064777719097e-05
-6.170327024752640943e-01,-6.987682625963262950e-01,3.499612486930170352e-02,2.391629195059694513e-04,3.051315798026670218e-04,3.772947064777719097e-05
-6.170327024752640943e-01,-6.987682625963262950e-01,3.499612486930170352e-02,2.391629195059694513e-04,3.051315798026670218e-04,3.772947064777719097e-05
-6.170327024752640943e-01,-6.987682625963262950e-01,3.499612486930170352e-02,2.391629195059694513e-04,3.051315798026670218e-04,3.772947064777719097e-05
-6.170327024752640943e-01,-6.987682625963262950e-01,3.499612486930170352e-02,2.391629195059694513e-04,3.051315798026670218e-04,3.772947064777719097e-05
-6.175357622801334045e-01,-6.987203936284921424e-01,3.499540655420870644e-02,2.393841152506647352e-04,3.049103840579727950e-04,3.772947064777719097e-05
-6.175357622801334045e-01,-6.987203936284921424e-01,3.499540655420870644e-02,2.393841152506647352e-04,3.049103840579727950e-04,3.772947064777719097e-05
-6.175357622801334045e-01,-6.987203936284921424e-01,3.499540655420870644e-02,2.393841152506647352e-04,3.049103840579727950e-04,3.772947064777719097e-05
-6.175357622801334045e-01,-6.987203936284921424e-01,3.499540655420870644e-02,2.393841152506647352e-04,3.049103840579727950e-04,3.772947064777719097e-05
-6.175357622801334045e-01,-6.987203936284921424e-01,3.499540655420870644e-02,2.393841152506647352e-04,3.049103840579727950e-04,3.772947064777719097e-05
-6.175357622801334045e-01,-6.987203936284921424e-01,3.499540655420870644e-02,2.393841152506647352e-04,3.049103840579727950e-04,3.772947064777719097e-05
-6.175357622801334045e-01,-6.987203936284921424e-01,3.499540655420870644e-02,2.393841152506647352e-04,3.049103840579727950e-04,3.772947064777719097e-05
-6.175357622801334045e-01,-6.987203936284921424e-01,3.499540655420870644e-02,2.393841152506647352e-04,3.049103840579727950e-04,3.772947064777719097e-05
-6.175357622801334045e-01,-6.987203936284921424e-01,3.499540655420870644e-02,2.393841152506647352e-04,3.049103840579727950e-04,3.772947064777719097e-05
-6.175357622801334045e-01,-6.987203936284921424e-01,3.499540655420870644e-02,2.393841152506647352e-04,3.049103840579727950e-04,3.772947064777719097e-05
-6.175357622801334045e-01,-6.987203936284921424e-01,3.499540655420870644e-02,2.393841152506647352e-04,3.049103840579727950e-04,3.772947064777719097e-05
-6.175357622801334045e-01,-6.987203936284921424e-01,3.499540655420870644e-02,2.393841152506647352e-04,3.049103840579727950e-04,3.772947064777719097e-05
-6.175357622801334045e-01,-6.987203936284921424e-01,3.499540655420870644e-02,2.393841152506647352e-04,3.049103840579727950e-04,3.772947064777719097e-05
-6.175357622801334045e-01,-6.987203936284921424e-01,3.499540655420870644e-02,2.393841152506647352e-04,3.049103840579727950e-04,3.772947064777719097e-05
-6.175357622801334045e-01,-6.987203936284921424e-01,3.499540655420870644e-02,2.393841152506647352e-04,3.049103840579727950e-04,3.772947064777719097e-05
-6.180388986104218274e-01,-6.986722183969193978e-01,3.499467396895094423e-02,2.396053370351156032e-04,3.046891622735218999e-04,3.772947064777719097e-05
-6.180388986104218274e-01,-6.986722183969193978e-01,3.499467396895094423e-02,2.396053370351156032e-04,3.046891622735218999e-04,3.772947064777719097e-05
-6.180388986104218274e-01,-6.986722183969193978e-01,3.499467396895094423e-02,2.396053370351156032e-04,3.046891622735218999e-04,3.772947064777719097e-05
-6.180388986104218274e-01,-6.986722183969193978e-01,3.499467396895094423e-02,2.396053370351156032e-04,3.046891622735218999e-04,3.772947064777719097e-05
-6.180388986104218274e-01,-6.986722183969193978e-01,3.499467396895094423e-02,2.396053370351156032e-04,3.046891622735218999e-04,3.772947064777719097e-05
-6.180388986104218274e-01,-6.986722183969193978e-01,3.499467396895094423e-02,2.396053370351156032e-04,3.046891622735218999e-04,3.772947064777719097e-05
-6.180388986104218274e-01,-6.986722183969193978e-01,3.499467396895094423e-02,2.396053370351156032e-04,3.046891622735218999e-04,3.772947064777719097e-05
-6.180388986104218274e-01,-6.986722183969193978e-01,3.499467396895094423e-02,2.396053370351156032e-04,3.046891622735218999e-04,3.772947064777719097e-05
-6.180388986104218274e-01,-6.986722183969193978e-01,3.499467396895094423e-02,2.396053370351156032e-04,3.046891622735218999e-04,3.772947064777719097e-05
-6.180388986104218274e-01,-6.986722183969193978e-01,3.499467396895094423e-02,2.396053370351156032e-04,3.046891622735218999e-04,3.772947064777719097e-05
-6.180388986104218274e-01,-6.986722183969193978e-01,3.499467396895094423e-02,2.396053370351156032e-04,3.046891622735218999e-04,3.772947064777719097e-05
-6.180388986104218274e-01,-6.986722183969193978e-01,3.499467396895094423e-02,2.396053370351156032e-04,3.046891622735218999e-04,3.772947064777719097e-05
-6.180388986104218274e-01,-6.986722183969193978e-01,3.499467396895094423e-02,2.396053370351156032e-04,3.046891622735218999e-04,3.772947064777719097e-05
-6.180388986104218274e-01,-6.986722183969193978e-01,3.499467396895094423e-02,2.396053370351156032e-04,3.046891622735218999e-04,3.772947064777719097e-05
-6.180388986104218274e-01,-6.986722183969193978e-01,3.499467396895094423e-02,2.396053370351156032e-04,3.046891622735218999e-04,3.772947064777719097e-05
-6.185421112940018284e-01,-6.986237368254731850e-01,3.499392710939271817e-02,2.398265847042527113e-04,3.044679146043848461e-04,3.772947064777719097e-05
-6.185421112940018284e-01,-6.986237368254731850e-01,3.499392710939271817e-02,2.398265847042527113e-04,3.044679146043848461e-04,3.772947064777719097e-05
-6.185421112940018284e-01,-6.986237368254731850e-01,3.499392710939271817e-02,2.398265847042527113e-04,3.044679146043848461e-04,3.772947064777719097e-05
-6.185421112940018284e-01,-6.986237368254731850e-01,3.499392710939271817e-02,2.398265847042527113e-04,3.044679146043848461e-04,3.772947064777719097e-05
-6.185421112940018284e-01,-6.986237368254731850e-01,3.499392710939271817e-02,2.398265847042527113e-04,3.044679146043848461e-04,3.772947064777719097e-05
-6.185421112940018284e-01,-6.986237368254731850e-01,3.499392710939271817e-02,2.398265847042527113e-04,3.044679146043848461e-04,3.772947064777719097e-05
-6.185421112940018284e-01,-6.986237368254731850e-01,3.499392710939271817e-02,2.398265847042527113e-04,3.044679146043848461e-04,3.772947064777719097e-05
-6.185421112940018284e-01,-6.986237368254731850e-01,3.499392710939271817e-02,2.398265847042527113e-04,3.044679146043848461e-04,3.772947064777719097e-05
-6.185421112940018284e-01,-6.986237368254731850e-01,3.499392710939271817e-02,2.398265847042527113e-04,3.044679146043848461e-04,3.772947064777719097e-05
-6.185421112940018284e-01,-6.986237368254731850e-01,3.499392710939271817e-02,2.398265847042527113e-04,3.044679146043848461e-04,3.772947064777719097e-05
-6.185421112940018284e-01,-6.986237368254731850e-01,3.499392710939271817e-02,2.398265847042527113e-04,3.044679146043848461e-04,3.772947064777719097e-05
-6.185421112940018284e-01,-6.986237368254731850e-01,3.499392710939271817e-02,2.398265847042527113e-04,3.044679146043848461e-04,3.772947064777719097e-05
-6.185421112940018284e-01,-6.986237368254731850e-01,3.499392710939271817e-02,2.398265847042527113e-04,3.044679146043848461e-04,3.772947064777719097e-05
-6.185421112940018284e-01,-6.986237368254731850e-01,3.499392710939271817e-02,2.398265847042527113e-04,3.044679146043848461e-04,3.772947064777719097e-05
-6.185421112940018284e-01,-6.986237368254731850e-01,3.499392710939271817e-02,2.398265847042527113e-04,3.044679146043848461e-04,3.772947064777719097e-05
-6.190454001586940258e-01,-6.985749488381098882e-01,3.499316597140225693e-02,2.400478581029786077e-04,3.042466412056590310e-04,3.772947064777719097e-05
-6.190454001586940258e-01,-6.985749488381098882e-01,3.499316597140225693e-02,2.400478581029786077e-04,3.042466412056590310e-04,3.772947064777719097e-05
-6.190454001586940258e-01,-6.985749488381098882e-01,3.499316597140225693e-02,2.400478581029786077e-04,3.042466412056590310e-04,3.772947064777719097e-05
-6.190454001586940258e-01,-6.985749488381098882e-01,3.499316597140225693e-02,2.400478581029786077e-04,3.042466412056590310e-04,3.772947064777719097e-05
-6.190454001586940258e-01,-6.985749488381098882e-01,3.499316597140225693e-02,2.400478581029786077e-04,3.042466412056590310e-04,3.772947064777719097e-05
-6.190454001586940258e-01,-6.985749488381098882e-01,3.499316597140225693e-02,2.400478581029786077e-04,3.042466412056590310e-04,3.772947064777719097e-05
-6.190454001586940258e-01,-6.985749488381098882e-01,3.499316597140225693e-02,2.400478581029786077e-04,3.042466412056590310e-04,3.772947064777719097e-05
-6.190454001586940258e-01,-6.985749488381098882e-01,3.499316597140225693e-02,2.400478581029786077e-04,3.042466412056590310e-04,3.772947064777719097e-05
-6.190454001586940258e-01,-6.985749488381098882e-01,3.499316597140225693e-02,2.400478581029786077e-04,3.042466412056590310e-04,3.772947064777719097e-05
-6.190454001586940258e-01,-6.985749488381098882e-01,3.499316597140225693e-02,2.400478581029786077e-04,3.042466412056590310e-04,3.772947064777719097e-05
-6.190454001586940258e-01,-6.985749488381098882e-01,3.499316597140225693e-02,2.400478581029786077e-04,3.042466412056590310e-04,3.772947064777719097e-05
-6.190454001586940258e-01,-6.985749488381098882e-01,3.499316597140225693e-02,2.400478581029786077e-04,3.042466412056590310e-04,3.772947064777719097e-05
-6.190454001586940258e-01,-6.985749488381098882e-01,3.499316597140225693e-02,2.400478581029786077e-04,3.042466412056590310e-04,3.772947064777719097e-05
-6.190454001586940258e-01,-6.985749488381098882e-01,3.499316597140225693e-02,2.400478581029786077e-04,3.042466412056590310e-04,3.772947064777719097e-05
-6.190454001586940258e-01,-6.985749488381098882e-01,3.499316597140225693e-02,2.400478581029786077e-04,3.042466412056590310e-04,3.772947064777719097e-05
-6.195487650322673012e-01,-6.985258543588782620e-01,3.499239055085154315e-02,2.402691570761679224e-04,3.040253422324708547e-04,3.772947064777719097e-05
-6.195487650322673012e-01,-6.985258543588782620e-01,3.499239055085154315e-02,2.402691570761679224e-04,3.040253422324708547e-04,3.772947064777719097e-05
-6.195487650322673012e-01,-6.985258543588782620e-01,3.499239055085154315e-02,2.402691570761679224e-04,3.040253422324708547e-04,3.772947064777719097e-05
-6.195487650322673012e-01,-6.985258543588782620e-01,3.499239055085154315e-02,2.402691570761679224e-04,3.040253422324708547e-04,3.772947064777719097e-05
-6.195487650322673012e-01,-6.985258543588782620e-01,3.499239055085154315e-02,2.402691570761679224e-04,3.040253422324708547e-04,3.772947064777719097e-05
-6.195487650322673012e-01,-6.985258543588782620e-01,3.499239055085154315e-02,2.402691570761679224e-04,3.040253422324708547e-04,3.772947064777719097e-05
-6.195487650322673012e-01,-6.985258543588782620e-01,3.499239055085154315e-02,2.402691570761679224e-04,3.040253422324708547e-04,3.772947064777719097e-05
-6.195487650322673012e-01,-6.985258543588782620e-01,3.499239055085154315e-02,2.402691570761679224e-04,3.040253422324708547e-04,3.772947064777719097e-05
-6.195487650322673012e-01,-6.985258543588782620e-01,3.499239055085154315e-02,2.402691570761679224e-04,3.040253422324708547e-04,3.772947064777719097e-05
-6.195487650322673012e-01,-6.985258543588782620e-01,3.499239055085154315e-02,2.402691570761679224e-04,3.040253422324708547e-04,3.772947064777719097e-05
-6.195487650322673012e-01,-6.985258543588782620e-01,3.499239055085154315e-02,2.402691570761679224e-04,3.040253422324708547e-04,3.772947064777719097e-05
-6.195487650322673012e-01,-6.985258543588782620e-01,3.499239055085154315e-02,2.402691570761679224e-04,3.040253422324708547e-04,3.772947064777719097e-05
-6.195487650322673012e-01,-6.985258543588782620e-01,3.499239055085154315e-02,2.402691570761679224e-04,3.040253422324708547e-04,3.772947064777719097e-05
-6.195487650322673012e-01,-6.985258543588782620e-01,3.499239055085154315e-02,2.402691570761679224e-04,3.040253422324708547e-04,3.772947064777719097e-05
-6.195487650322673012e-01,-6.985258543588782620e-01,3.499239055085154315e-02,2.402691570761679224e-04,3.040253422324708547e-04,3.772947064777719097e-05
